-1.701757562840639643e-02,3.537521329831868049e-03,5.310524547220480951e-01,9.999679327011108398e-01,-1.196885947138071060e-03,5.090904887765645981e-03,-6.068353075534105301e-03,0.000000000000000000e+00,0.000000000000000000e+00,-2.104963511228561401e-01,-1.175468699136052564e+00,-2.183165848255157471e-01,-6.285569071769714355e-01,1.286617815494537354e-01,1.299631671109471753e+00,-4.464200139045715332e-01,2.310361415147781372e-01,1.289821416139602661e-01,-2.224904894828796387e-01,2.720957994461059570e-01,3.379795551300048828e-01,-2.880066037178039551e-01,1.970924586057662964e-01,-3.802067041397094727e-01,9.916715323925018311e-02,-5.638418793678283691e-01,6.536970734596252441e-01,-7.024291157722473145e-02,-4.944527894258499146e-02
-2.722266952121498579e-02,-8.728650029515847356e-03,5.274083471832552439e-01,9.999131560325622559e-01,4.623948596417903900e-03,-5.284053739160299301e-03,-1.115156896412372589e-02,0.000000000000000000e+00,0.000000000000000000e+00,-2.112938910722732544e-01,-1.166998730101857618e+00,-2.157258242368698120e-01,-6.213614344596862793e-01,1.030799522995948792e-01,1.319384024539266065e+00,-4.455405175685882568e-01,2.414675354957580566e-01,1.234322562813758850e-01,-2.073863446712493896e-01,2.873324751853942871e-01,3.767142891883850098e-01,-3.508202135562896729e-01,2.129411995410919189e-01,-4.448376893997192383e-01,1.021249890327453613e-01,-5.134645104408264160e-01,7.506924271583557129e-01,2.097539044916629791e-02,6.654847413301467896e-02
-3.605776401020285155e-02,-2.375798764215274195e-02,5.231229740388766425e-01,9.996315836906433105e-01,8.265197277069091797e-03,-1.699358038604259491e-02,-1.948449760675430298e-02,0.000000000000000000e+00,0.000000000000000000e+00,-2.055982500314712524e-01,-1.165100590386662915e+00,-2.128537595272064209e-01,-6.035677194595336914e-01,8.486785739660263062e-02,1.332892746725354627e+00,-4.318125247955322266e-01,2.494556009769439697e-01,1.318287104368209839e-01,-1.872037500143051147e-01,3.062356412410736084e-01,3.872658908367156982e-01,-4.203867912292480469e-01,1.952491700649261475e-01,-4.854574799537658691e-01,1.381151676177978516e-01,-4.266216158866882324e-01,8.061957955360412598e-01,9.267336875200271606e-02,2.365777492523193359e-01
-4.183345170813904113e-02,-3.633765599878523850e-02,5.209333291371361918e-01,9.991515874862670898e-01,9.765649214386940002e-03,-2.887661568820476532e-02,-2.769238129258155823e-02,0.000000000000000000e+00,0.000000000000000000e+00,-1.868914812803268433e-01,-1.167878315844808057e+00,-2.109306007623672485e-01,-5.902535915374755859e-01,7.839205861091613770e-02,1.335742385187421277e+00,-4.121481776237487793e-01,2.565205693244934082e-01,1.544640809297561646e-01,-1.655274927616119385e-01,3.177741467952728271e-01,3.720485568046569824e-01,-4.573293626308441162e-01,1.702947616577148438e-01,-4.694790542125701904e-01,5.574754253029823303e-02,-4.596734941005706787e-01,9.085053801536560059e-01,-1.150541473180055618e-02,2.232106626033782959e-01
-4.649806733873456527e-02,-4.811018395199995190e-02,5.208149991289834357e-01,9.985991716384887695e-01,1.210094150155782700e-02,-3.737876564264297485e-02,-3.544215485453605652e-02,0.000000000000000000e+00,0.000000000000000000e+00,-1.587918698787689209e-01,-1.175346420207295850e+00,-2.189424484968185425e-01,-5.783523917198181152e-01,7.795573025941848755e-02,1.334104211130414441e+00,-3.953773975372314453e-01,2.602218389511108398e-01,1.801931411027908325e-01,-1.485067605972290039e-01,3.260368108749389648e-01,3.379400670528411865e-01,-4.649029076099395752e-01,1.434403359889984131e-01,-4.458738267421722412e-01,-7.032379508018493652e-02,-5.037299990653991699e-01,1.006514072418212891e+00,-1.590927392244338989e-01,1.319682449102401733e-01
-5.046316059437966350e-02,-5.984859341953062406e-02,5.225402091285495931e-01,9.980850219726562500e-01,1.367190107703208923e-02,-4.078515619039535522e-02,-4.445116221904754639e-02,0.000000000000000000e+00,0.000000000000000000e+00,-1.245680898427963257e-01,-1.189416066804204419e+00,-2.343005090951919556e-01,-5.630698204040527344e-01,7.679226249456405640e-02,1.339180828132901624e+00,-3.764775395393371582e-01,2.569586932659149170e-01,1.827822923660278320e-01,-1.263551265001296997e-01,3.352476656436920166e-01,3.280395567417144775e-01,-4.524672031402587891e-01,1.167116388678550720e-01,-4.490309655666351318e-01,-1.430362761020660400e-01,-4.660280048847198486e-01,1.055855751037597656e+00,-2.400860637426376343e-01,6.505249440670013428e-02
-5.349931138689921484e-02,-7.176365713344304287e-02,5.259056806376185556e-01,9.976450204849243164e-01,1.333310175687074661e-02,-4.027925059199333191e-02,-5.389109253883361816e-02,0.000000000000000000e+00,0.000000000000000000e+00,-8.356089890003204346e-02,-1.207380161681447461e+00,-2.546839714050292969e-01,-5.400190949440002441e-01,7.064203917980194092e-02,1.351131887235913709e+00,-3.505381047725677490e-01,2.576661109924316406e-01,1.859190911054611206e-01,-9.954250603914260864e-02,3.438971936702728271e-01,3.062439262866973877e-01,-4.256916642189025879e-01,8.784883469343185425e-02,-4.633409082889556885e-01,-1.780460029840469360e-01,-3.877292275428771973e-01,1.066838622093200684e+00,-2.763086259365081787e-01,2.428300678730010986e-02
-5.592397629255146940e-02,-8.422448687048421367e-02,5.299016642532866639e-01,9.972870349884033203e-01,1.132429204881191254e-02,-3.630566596984863281e-02,-6.302514672279357910e-02,0.000000000000000000e+00,0.000000000000000000e+00,-4.097158089280128479e-02,-1.221566573777471021e+00,-2.743883728981018066e-01,-5.157524347305297852e-01,5.613264068961143494e-02,1.365575806298528150e+00,-3.255608081817626953e-01,2.662595212459564209e-01,1.926743835210800171e-01,-7.144588977098464966e-02,3.496783971786499023e-01,2.668242454528808594e-01,-3.910873234272003174e-01,5.612475425004959106e-02,-4.703061282634735107e-01,-2.146742641925811768e-01,-3.275513947010040283e-01,1.047536373138427734e+00,-2.865124940872192383e-01,-1.637766323983669281e-02
-5.832323138592670347e-02,-9.739884136677390281e-02,5.336233298465459240e-01,9.969809055328369141e-01,1.035806536674499512e-02,-3.099205717444419861e-02,-7.043652236461639404e-02,0.000000000000000000e+00,0.000000000000000000e+00,-4.026176407933235168e-03,-1.228389457860265210e+00,-2.915541231632232666e-01,-4.970896840095520020e-01,3.716168925166130066e-02,1.377658770480428174e+00,-3.095018267631530762e-01,2.791760265827178955e-01,2.027415484189987183e-01,-4.726159945130348206e-02,3.529344499111175537e-01,2.154959887266159058e-01,-3.514480292797088623e-01,2.374729700386524200e-02,-4.733220934867858887e-01,-2.581664323806762695e-01,-2.776162624359130859e-01,1.006997823715209961e+00,-2.834167182445526123e-01,-5.197104811668395996e-02
-6.001438517876044737e-02,-1.110352537852495602e-01,5.364229763201391332e-01,9.967291951179504395e-01,1.124101877212524414e-02,-2.575958333909511566e-02,-7.576972991228103638e-02,0.000000000000000000e+00,0.000000000000000000e+00,2.225988730788230896e-02,-1.227740154662404493e+00,-3.066879808902740479e-01,-4.852308332920074463e-01,1.893189921975135803e-02,1.384709329405103162e+00,-3.054954111576080322e-01,2.912698388099670410e-01,2.111046016216278076e-01,-2.529775165021419525e-02,3.547933101654052734e-01,1.701950281858444214e-01,-3.140964210033416748e-01,-8.116682060062885284e-03,-4.751889407634735107e-01,-3.036792576313018799e-01,-2.300265431404113770e-01,9.505369663238525391e-01,-2.729999721050262451e-01,-7.578326761722564697e-02
-6.137171341087480775e-02,-1.253861407169865327e-01,5.379988413936260816e-01,9.965376853942871094e-01,1.408768352121114731e-02,-2.132512256503105164e-02,-7.911644876003265381e-02,0.000000000000000000e+00,0.000000000000000000e+00,3.806859999895095825e-02,-1.222052381434712842e+00,-3.217606246471405029e-01,-4.787588119506835938e-01,4.983045160770416260e-03,1.386081651845250562e+00,-3.118892610073089600e-01,2.989383637905120850e-01,2.134484499692916870e-01,-3.990462515503168106e-03,3.548534810543060303e-01,1.449603140354156494e-01,-2.877940535545349121e-01,-3.864951059222221375e-02,-4.749528467655181885e-01,-3.510653376579284668e-01,-1.863245368003845215e-01,8.822565674781799316e-01,-2.620249986648559570e-01,-8.950720727443695068e-02
-6.235880884511226657e-02,-1.402698137003439149e-01,5.383812756761156004e-01,9.963676929473876953e-01,1.861917413771152496e-02,-1.784978620707988739e-02,-8.115505427122116089e-02,0.000000000000000000e+00,0.000000000000000000e+00,4.774822667241096497e-02,-1.215024695792470411e+00,-3.375836014747619629e-01,-4.744001030921936035e-01,-4.035045858472585678e-03,1.383299262323651746e+00,-3.233822882175445557e-01,3.011974990367889404e-01,2.115297168493270874e-01,1.631267741322517395e-02,3.535060286521911621e-01,1.362233161926269531e-01,-2.706567347049713135e-01,-6.797818839550018311e-02,-4.728475213050842285e-01,-3.998964428901672363e-01,-1.466297060251235962e-01,8.058443069458007812e-01,-2.536841332912445068e-01,-9.996126592159271240e-02
-6.281464925195757998e-02,-1.556759136696957702e-01,5.378489151973314675e-01,9.961737990379333496e-01,2.417381294071674347e-02,-1.516177505254745483e-02,-8.260418474674224854e-02,0.000000000000000000e+00,0.000000000000000000e+00,5.441265553236007690e-02,-1.210251287617955640e+00,-3.529828786849975586e-01,-4.694746732711791992e-01,-9.748075157403945923e-03,1.378817857303891614e+00,-3.331801295280456543e-01,2.989770770072937012e-01,2.083708345890045166e-01,3.596547245979309082e-02,3.507507741451263428e-01,1.360554546117782593e-01,-2.574471235275268555e-01,-9.653712809085845947e-02,-4.680448174476623535e-01,-4.414153099060058594e-01,-1.014144346117973328e-01,7.235496044158935547e-01,-2.451262176036834717e-01,-1.048386245965957642e-01
-6.280613260531817121e-02,-1.721486029651655703e-01,5.367259011410101532e-01,9.959744215011596680e-01,2.956625632941722870e-02,-1.304012350738048553e-02,-8.361018449068069458e-02,0.000000000000000000e+00,0.000000000000000000e+00,5.889730155467987061e-02,-1.209573254981313184e+00,-3.661517500877380371e-01,-4.619329571723937988e-01,-1.525005791336297989e-02,1.374994517364774183e+00,-3.368325531482696533e-01,2.940637171268463135e-01,2.049474865198135376e-01,5.854598060250282288e-02,3.455930948257446289e-01,1.418223530054092407e-01,-2.457273304462432861e-01,-1.256468147039413452e-01,-4.593550860881805420e-01,-4.656524062156677246e-01,-4.281906038522720337e-02,6.438674330711364746e-01,-2.291307598352432251e-01,-1.011189743876457214e-01
-6.244850610523964424e-02,-1.898476478574101234e-01,5.350679939285372111e-01,9.959213137626647949e-01,3.355358168482780457e-02,-1.126263104379177094e-02,-8.299376815557479858e-02,0.000000000000000000e+00,0.000000000000000000e+00,6.110383197665214539e-02,-1.211700932183537915e+00,-3.760972619056701660e-01,-4.526588320732116699e-01,-2.238889411091804504e-02,1.374304712810788587e+00,-3.343557417392730713e-01,2.889579534530639648e-01,1.991592794656753540e-01,8.888066560029983521e-02,3.356977105140686035e-01,1.550691127777099609e-01,-2.361018210649490356e-01,-1.571477949619293213e-01,-4.419780969619750977e-01,-4.720815122127532959e-01,1.634044758975505829e-02,5.739280581474304199e-01,-2.051544338464736938e-01,-8.276882022619247437e-02
-6.198324600695585135e-02,-2.095938330301732599e-01,5.327649598154756694e-01,9.961660504341125488e-01,3.536755219101905823e-02,-9.225619025528430939e-03,-7.948100566864013672e-02,0.000000000000000000e+00,0.000000000000000000e+00,6.062698364257812500e-02,-1.214698807397160962e+00,-3.828750252723693848e-01,-4.443674981594085693e-01,-3.158174082636833191e-02,1.377845735349927381e+00,-3.283021748065948486e-01,2.849104106426239014e-01,1.893535256385803223e-01,1.300433427095413208e-01,3.189752101898193359e-01,1.746255159378051758e-01,-2.283522337675094604e-01,-1.929760128259658813e-01,-4.178886711597442627e-01,-4.656093120574951172e-01,5.648109316825866699e-02,5.258678197860717773e-01,-1.772749871015548706e-01,-4.408434033393859863e-02
-6.151460727554454444e-02,-2.318565860815872959e-01,5.298832712028965775e-01,9.967939853668212891e-01,3.499329090118408203e-02,-6.413105409592390060e-03,-7.166614383459091187e-02,0.000000000000000000e+00,0.000000000000000000e+00,5.471844971179962158e-02,-1.215840206542287305e+00,-3.901343345642089844e-01,-4.366485178470611572e-01,-4.199583828449249268e-02,1.386982143917355970e+00,-3.197873532772064209e-01,2.826519906520843506e-01,1.747502535581588745e-01,1.811849176883697510e-01,2.929725646972656250e-01,1.942386180162429810e-01,-2.133871763944625854e-01,-2.307635098695755005e-01,-3.795517981052398682e-01,-4.456996321678161621e-01,6.227777898311614990e-02,4.877847731113433838e-01,-1.451628655195236206e-01,5.914378538727760315e-02
-6.131395487312340381e-02,-2.557080751898312965e-01,5.270078104854833967e-01,9.977506399154663086e-01,3.129314258694648743e-02,-2.098069293424487114e-03,-5.924604460597038269e-02,0.000000000000000000e+00,0.000000000000000000e+00,4.272830486297607422e-02,-1.213941560187612012e+00,-3.934737741947174072e-01,-4.296962916851043701e-01,-5.458528548479080200e-02,1.401431144275937513e+00,-3.083725571632385254e-01,2.816716730594635010e-01,1.521183252334594727e-01,2.424121201038360596e-01,2.588066458702087402e-01,2.094876915216445923e-01,-1.825808733701705933e-01,-2.605422437191009521e-01,-3.573476970195770264e-01,-4.159801900386810303e-01,1.756547577679157257e-02,4.908119738101959229e-01,-1.455486416816711426e-01,1.678422391414642334e-01
-6.189263013229150123e-02,-2.808941399531834082e-01,5.251851962055220646e-01,9.988518953323364258e-01,2.073955908417701721e-02,5.089560523629188538e-03,-4.288242757320404053e-02,0.000000000000000000e+00,0.000000000000000000e+00,2.949063293635845184e-02,-1.212265417971883252e+00,-3.906054794788360596e-01,-4.172163605690002441e-01,-7.184006273746490479e-02,1.416208685436521009e+00,-2.890377938747406006e-01,2.793943285942077637e-01,1.126928851008415222e-01,3.172100484371185303e-01,2.120035439729690552e-01,2.311371415853500366e-01,-1.439678072929382324e-01,-2.719811797142028809e-01,-3.659569025039672852e-01,-3.700485527515411377e-01,-5.393955856561660767e-02,5.503943562507629395e-01,-1.900293380022048950e-01,1.985810697078704834e-01
-6.364180714842120057e-02,-3.062811788935402291e-01,5.261430049627416894e-01,9.995081424713134766e-01,3.083384945057332516e-04,1.742023974657058716e-02,-2.607573382556438446e-02,0.000000000000000000e+00,0.000000000000000000e+00,1.036729384213685989e-02,-1.216625587144170240e+00,-3.819156885147094727e-01,-4.033312797546386719e-01,-9.410808235406875610e-02,1.426643834510121778e+00,-2.694175839424133301e-01,2.728350460529327393e-01,2.644786797463893890e-02,4.231770038604736328e-01,1.716451197862625122e-01,2.964598834514617920e-01,-9.753491729497909546e-02,-2.671177089214324951e-01,-3.827434778213500977e-01,-3.026763796806335449e-01,-1.453670710325241089e-01,6.003316044807434082e-01,-2.263445705175399780e-01,1.704701036214828491e-01
-6.546454079637323287e-02,-3.309606459044446836e-01,5.280192206604311655e-01,9.996271729469299316e-01,-6.881027016788721085e-03,2.613717690110206604e-02,-3.880617208778858185e-03,0.000000000000000000e+00,0.000000000000000000e+00,-1.144585013389587402e-02,-1.227974818148885205e+00,-3.659907281398773193e-01,-4.001667797565460205e-01,-1.107743531465530396e-01,1.429240615167890027e+00,-2.528026103973388672e-01,2.619889676570892334e-01,-6.886699050664901733e-02,5.022924542427062988e-01,1.975953280925750732e-01,3.889084160327911377e-01,-9.007976949214935303e-02,-2.076324969530105591e-01,-3.790313899517059326e-01,-2.663333714008331299e-01,-2.252583801746368408e-01,6.160410046577453613e-01,-2.500367760658264160e-01,1.480999439954757690e-01
-6.705922449308664157e-02,-3.533030952543321224e-01,5.305279413911729858e-01,9.994111061096191406e-01,-2.301564207300543785e-03,2.936095744371414185e-02,1.761135086417198181e-02,0.000000000000000000e+00,0.000000000000000000e+00,-2.977403625845909119e-02,-1.247760401168141797e+00,-3.452777862548828125e-01,-4.069198369979858398e-01,-1.144607812166213989e-01,1.423177496590886548e+00,-2.398953288793563843e-01,2.523960173130035400e-01,-1.066951379179954529e-01,5.162355899810791016e-01,2.635038793087005615e-01,4.502332806587219238e-01,-1.364696621894836426e-01,-1.436325758695602417e-01,-3.679583966732025146e-01,-2.543979585170745850e-01,-2.817272245883941650e-01,6.229017376899719238e-01,-2.732260227203369141e-01,1.181780099868774414e-01
-6.797357292187333755e-02,-3.740874497916060193e-01,5.337104788595679050e-01,9.990864992141723633e-01,-7.874758448451757431e-04,2.849849499762058258e-02,3.183467313647270203e-02,0.000000000000000000e+00,0.000000000000000000e+00,-4.700511693954467773e-02,-1.271997020640645459e+00,-3.208199143409729004e-01,-4.222445785999298096e-01,-1.084368973970413208e-01,1.409200490513120130e+00,-2.357046604156494141e-01,2.463029026985168457e-01,-1.014145016670227051e-01,4.799461662769317627e-01,2.906842231750488281e-01,5.024724602699279785e-01,-1.909503340721130371e-01,-1.601003855466842651e-01,-3.434049785137176514e-01,-2.269030660390853882e-01,-3.254372179508209229e-01,6.019619107246398926e-01,-2.823116183280944824e-01,8.235250413417816162e-02
-6.824970222379297957e-02,-3.920026130259338104e-01,5.369928287278220580e-01,9.987788796424865723e-01,-1.490456867031753063e-03,2.607884444296360016e-02,4.193260893225669861e-02,0.000000000000000000e+00,0.000000000000000000e+00,-6.323844939470291138e-02,-1.294172332682881787e+00,-2.978201210498809814e-01,-4.456742703914642334e-01,-9.521947056055068970e-02,1.387030602493558362e+00,-2.372114956378936768e-01,2.428544759750366211e-01,-7.913467288017272949e-02,4.379029572010040283e-01,3.349324762821197510e-01,5.827172398567199707e-01,-2.475441396236419678e-01,-1.588473021984100342e-01,-3.094322383403778076e-01,-1.875225752592086792e-01,-3.631083965301513672e-01,5.579698085784912109e-01,-2.792867720127105713e-01,4.715837910771369934e-02
-6.808623554542510281e-02,-4.093622064921590975e-01,5.397648233468785861e-01,9.984467029571533203e-01,-1.999234547838568687e-03,2.291223779320716858e-02,5.074618011713027954e-02,0.000000000000000000e+00,0.000000000000000000e+00,-7.794748246669769287e-02,-1.310318634906087354e+00,-2.797220945358276367e-01,-4.780631065368652344e-01,-7.425706088542938232e-02,1.359175995984349683e+00,-2.459515333175659180e-01,2.409598827362060547e-01,-3.680979833006858826e-02,3.922866880893707275e-01,4.050720632076263428e-01,6.612163782119750977e-01,-2.989711761474609375e-01,-1.425085812807083130e-01,-2.722269892692565918e-01,-1.450723111629486084e-01,-3.962092101573944092e-01,5.050252079963684082e-01,-2.732449471950531006e-01,1.402866281569004059e-02
-6.751369476299544370e-02,-4.268940220193730428e-01,5.414614265479824606e-01,9.979625344276428223e-01,-2.396320691332221031e-03,1.922657154500484467e-02,6.078958138823509216e-02,0.000000000000000000e+00,0.000000000000000000e+00,-9.078670293092727661e-02,-1.317891643443379834e+00,-2.681856751441955566e-01,-5.169807672500610352e-01,-4.525155574083328247e-02,1.331379995742116407e+00,-2.633692622184753418e-01,2.394168078899383545e-01,1.550386846065521240e-02,3.318112194538116455e-01,4.677661657333374023e-01,7.091783881187438965e-01,-3.345988690853118896e-01,-1.361805945634841919e-01,-2.375308871269226074e-01,-1.031640842556953430e-01,-4.262858033180236816e-01,4.572909474372863770e-01,-2.685764729976654053e-01,-2.027941495180130005e-02
-6.680851019335666552e-02,-4.441821607683945072e-01,5.418753739800116209e-01,9.972010850906372070e-01,-3.398833330720663071e-03,1.570216752588748932e-02,7.301977276802062988e-02,0.000000000000000000e+00,0.000000000000000000e+00,-1.014097779989242554e-01,-1.317781404652867749e+00,-2.631283402442932129e-01,-5.560495257377624512e-01,-8.162544108927249908e-03,1.310469792285237745e+00,-2.877218425273895264e-01,2.355867326259613037e-01,6.409029662609100342e-02,2.495246082544326782e-01,4.905135333538055420e-01,7.095260024070739746e-01,-3.534326553344726562e-01,-1.506492197513580322e-01,-2.107678204774856567e-01,-6.492367386817932129e-02,-4.559562802314758301e-01,4.240373671054840088e-01,-2.661715149879455566e-01,-5.632390081882476807e-02
-6.637666275263810756e-02,-4.607532611873113582e-01,5.412363919359867159e-01,9.961381554603576660e-01,-4.654532298445701599e-03,1.339401304721832275e-02,8.664701879024505615e-02,0.000000000000000000e+00,0.000000000000000000e+00,-1.100973784923553467e-01,-1.314768360057149366e+00,-2.636913955211639404e-01,-5.897102952003479004e-01,3.468341752886772156e-02,1.298950419822011426e+00,-3.150953650474548340e-01,2.281905710697174072e-01,1.072322651743888855e-01,1.468172222375869751e-01,4.734843075275421143e-01,6.568222641944885254e-01,-3.540241718292236328e-01,-1.799320280551910400e-01,-1.969126015901565552e-01,-3.327743336558341980e-02,-4.848287403583526611e-01,4.090202450752258301e-01,-2.649385035037994385e-01,-9.300126135349273682e-02
-6.658165911193748843e-02,-4.769271049332438062e-01,5.397438560998198964e-01,9.948027729988098145e-01,-6.167383398860692978e-03,1.276299171149730682e-02,1.008290201425552368e-01,0.000000000000000000e+00,0.000000000000000000e+00,-1.168776303529739380e-01,-1.312475309767995313e+00,-2.702792584896087646e-01,-6.177879571914672852e-01,8.099631965160369873e-02,1.295323447385106519e+00,-3.443132042884826660e-01,2.190233319997787476e-01,1.519775539636611938e-01,2.209331840276718140e-02,4.140849411487579346e-01,5.448153018951416016e-01,-3.306595385074615479e-01,-2.156946212053298950e-01,-1.967114955186843872e-01,-6.143849343061447144e-03,-5.120561718940734863e-01,4.097187221050262451e-01,-2.623285651206970215e-01,-1.294532567262649536e-01
-6.769734501161359108e-02,-4.927986051285206393e-01,5.375625150583006606e-01,9.933490157127380371e-01,-1.089957449585199356e-02,1.395004708319902420e-02,1.137732937932014465e-01,0.000000000000000000e+00,0.000000000000000000e+00,-1.206631734967231750e-01,-1.310875580706868604e+00,-2.790898382663726807e-01,-6.400929093360900879e-01,1.265381574630737305e-01,1.298889742293630079e+00,-3.755981624126434326e-01,2.117505669593811035e-01,2.063891738653182983e-01,-1.074447035789489746e-01,3.151326775550842285e-01,3.734454810619354248e-01,-2.775330841541290283e-01,-2.470165193080902100e-01,-2.094143629074096680e-01,2.565783448517322540e-02,-5.405704975128173828e-01,4.169574379920959473e-01,-2.515390515327453613e-01,-1.665265113115310669e-01
-7.020037759810385247e-02,-5.094475542370117127e-01,5.347933437517194966e-01,9.921066761016845703e-01,-2.232030965387821198e-02,1.599072292447090149e-02,1.223536133766174316e-01,0.000000000000000000e+00,0.000000000000000000e+00,-1.198260858654975891e-01,-1.307354942956242994e+00,-2.859040796756744385e-01,-6.570464372634887695e-01,1.697685569524765015e-01,1.307911113896642163e+00,-4.071239531040191650e-01,2.086233347654342651e-01,2.583782374858856201e-01,-1.930564939975738525e-01,1.908342540264129639e-01,1.862346380949020386e-01,-2.111184746026992798e-01,-2.539252340793609619e-01,-2.309524416923522949e-01,7.954993844032287598e-02,-5.622115135192871094e-01,4.093107283115386963e-01,-2.174742072820663452e-01,-2.037106305360794067e-01
-7.471358271739021728e-02,-5.281561097961784412e-01,5.327828131149513480e-01,9.912782907485961914e-01,-3.515155985951423645e-02,1.627257280051708221e-02,1.259641498327255249e-01,0.000000000000000000e+00,0.000000000000000000e+00,-1.213720068335533142e-01,-1.299733475842748120e+00,-2.902472913265228271e-01,-6.664755940437316895e-01,2.020778059959411621e-01,1.325071693458829358e+00,-4.350321888923645020e-01,2.074732184410095215e-01,2.629584670066833496e-01,-2.240957021713256836e-01,7.440370321273803711e-02,1.109339371323585510e-01,-1.728933751583099365e-01,-2.431198358535766602e-01,-2.515576481819152832e-01,1.427395045757293701e-01,-5.753363370895385742e-01,3.826980590820312500e-01,-1.581485718488693237e-01,-2.358991801738739014e-01
-8.138515832485875012e-02,-5.484046162333753305e-01,5.314247167757665258e-01,9.916119575500488281e-01,-3.469618409872055054e-02,1.291368529200553894e-02,1.238351091742515564e-01,0.000000000000000000e+00,0.000000000000000000e+00,-1.335432529449462891e-01,-1.284945414462361768e+00,-2.984180152416229248e-01,-6.700186133384704590e-01,2.191389501094818115e-01,1.348172337808881238e+00,-4.579258263111114502e-01,2.059011161327362061e-01,2.336248904466629028e-01,-2.317464500665664673e-01,5.929324030876159668e-02,1.390138566493988037e-01,-1.635351330041885376e-01,-1.587892919778823853e-01,-2.927051484584808350e-01,1.679556220769882202e-01,-5.582653284072875977e-01,4.128574728965759277e-01,-1.000735312700271606e-01,-2.389905154705047607e-01
-8.928225395316728707e-02,-5.684216110476039141e-01,5.293113013108571296e-01,9.930863380432128906e-01,-2.132960781455039978e-02,5.587826948612928391e-03,1.152970641851425171e-01,0.000000000000000000e+00,0.000000000000000000e+00,-1.526750475168228149e-01,-1.263534204163823560e+00,-3.030652105808258057e-01,-6.719666719436645508e-01,2.160921245813369751e-01,1.367414102950368360e+00,-4.673562645912170410e-01,2.148804962635040283e-01,1.783631592988967896e-01,-2.345798760652542114e-01,1.364773660898208618e-01,2.715463936328887939e-01,-2.329721152782440186e-01,1.223782747983932495e-01,-3.750355243682861328e-01,1.528049707412719727e-01,-5.013594031333923340e-01,5.372823476791381836e-01,-3.083018399775028229e-02,-1.770452558994293213e-01
-9.786244588292608571e-02,-5.876945799860087138e-01,5.263376889656288249e-01,9.950261712074279785e-01,-1.259812340140342712e-02,-5.930243525654077530e-03,9.863570332527160645e-02,0.000000000000000000e+00,0.000000000000000000e+00,-1.649221330881118774e-01,-1.245016352334294751e+00,-3.062556087970733643e-01,-6.619880795478820801e-01,2.014162987470626831e-01,1.377605334916387037e+00,-4.614605605602264404e-01,2.304009199142456055e-01,1.695912927389144897e-01,-2.242850959300994873e-01,1.812332421541213989e-01,3.227807581424713135e-01,-3.132740855216979980e-01,2.141830325126647949e-01,-4.659281969070434570e-01,1.855789422988891602e-01,-3.877778351306915283e-01,6.337658762931823730e-01,9.512306749820709229e-02,7.782330503687262535e-04
-1.061502900337706334e-01,-6.074147533166288637e-01,5.223907811638682785e-01,9.968896508216857910e-01,-9.881433099508285522e-03,-1.953335851430892944e-02,7.570856809616088867e-02,0.000000000000000000e+00,0.000000000000000000e+00,-1.646724641323089600e-01,-1.232756362357411817e+00,-2.989309132099151611e-01,-6.426245570182800293e-01,1.837663352489471436e-01,1.375474945702825025e+00,-4.449723064899444580e-01,2.466328591108322144e-01,1.621937155723571777e-01,-1.941657960414886475e-01,2.200690358877182007e-01,3.613919317722320557e-01,-4.030638933181762695e-01,2.162983119487762451e-01,-5.105609893798828125e-01,2.761978507041931152e-01,-2.586407959461212158e-01,6.370813250541687012e-01,2.702961266040802002e-01,2.462586164474487305e-01
-1.127962430425439866e-01,-6.250468379560143450e-01,5.196921511498665547e-01,9.978285431861877441e-01,-1.195604819804430008e-02,-3.439612314105033875e-02,5.488260835409164429e-02,0.000000000000000000e+00,0.000000000000000000e+00,-1.441852152347564697e-01,-1.229569868245397046e+00,-2.846784889698028564e-01,-6.280745863914489746e-01,1.728819012641906738e-01,1.365339429178510144e+00,-4.291328489780426025e-01,2.605954706668853760e-01,1.599186360836029053e-01,-1.475909352302551270e-01,2.505943179130554199e-01,3.936741948127746582e-01,-4.677146375179290771e-01,1.901686042547225952e-01,-4.982738792896270752e-01,2.555437088012695312e-01,-2.683980166912078857e-01,6.877413988113403320e-01,2.481391578912734985e-01,2.569224834442138672e-01
-1.183655175350305372e-01,-6.390837247933101040e-01,5.209186313045446326e-01,9.979133009910583496e-01,2.306977752596139908e-03,-4.424529895186424255e-02,4.696791246533393860e-02,0.000000000000000000e+00,0.000000000000000000e+00,-1.116043999791145325e-01,-1.234095321097646192e+00,-2.869279980659484863e-01,-6.099912524223327637e-01,1.763891577720642090e-01,1.351721541085515454e+00,-4.115941524505615234e-01,2.737377882003784180e-01,1.807787120342254639e-01,-1.477197259664535522e-01,2.740344107151031494e-01,3.668347895145416260e-01,-4.604013264179229736e-01,1.781801283359527588e-01,-5.115411877632141113e-01,1.538870781660079956e-01,-2.402098178863525391e-01,8.343787789344787598e-01,5.390392988920211792e-02,2.498484849929809570e-01
-1.235757538712009690e-01,-6.532298904311175658e-01,5.241160326827355442e-01,9.982124567031860352e-01,9.720828384160995483e-03,-4.692048951983451843e-02,3.572037816047668457e-02,0.000000000000000000e+00,0.000000000000000000e+00,-6.843355298042297363e-02,-1.244827733435903028e+00,-2.953382730484008789e-01,-5.834991335868835449e-01,1.794479787349700928e-01,1.342958436408315137e+00,-3.956078886985778809e-01,2.820580899715423584e-01,1.811901777982711792e-01,-1.334734112024307251e-01,2.937546074390411377e-01,3.497056365013122559e-01,-4.370376467704772949e-01,1.558099091053009033e-01,-5.171842575073242188e-01,5.660134553909301758e-02,-2.242653518915176392e-01,9.269534349441528320e-01,-9.343680739402770996e-02,2.122937589883804321e-01
-1.278853016286486399e-01,-6.672146705455249682e-01,5.284043536974926125e-01,9.987651109695434570e-01,9.952898137271404266e-03,-4.389470070600509644e-02,2.103381045162677765e-02,0.000000000000000000e+00,0.000000000000000000e+00,-2.318369224667549133e-02,-1.256286577382359937e+00,-3.060013651847839355e-01,-5.553773641586303711e-01,1.704881191253662109e-01,1.342240394153867200e+00,-3.823104202747344971e-01,2.924425303936004639e-01,1.765794456005096436e-01,-1.044030264019966125e-01,3.134613931179046631e-01,3.216668963432312012e-01,-4.086840152740478516e-01,1.275372803211212158e-01,-5.155251622200012207e-01,-3.589806705713272095e-02,-2.377600818872451782e-01,9.746059775352478027e-01,-1.788866519927978516e-01,1.229081600904464722e-01
-1.314602691512742894e-01,-6.811205224685296100e-01,5.327434943368037912e-01,9.991894960403442383e-01,8.525179699063301086e-03,-3.862692415714263916e-02,7.451504934579133987e-03,0.000000000000000000e+00,0.000000000000000000e+00,1.559565030038356781e-02,-1.264065072932515577e+00,-3.175464868545532227e-01,-5.321459174156188965e-01,1.474755406379699707e-01,1.346805081763539746e+00,-3.733043372631072998e-01,3.078867793083190918e-01,1.770638078451156616e-01,-7.458832114934921265e-02,3.293991088867187500e-01,2.769871056079864502e-01,-3.748273551464080811e-01,9.560049325227737427e-02,-5.135023593902587891e-01,-1.030697524547576904e-01,-2.228341847658157349e-01,9.884436130523681641e-01,-2.182427048683166504e-01,4.486954212188720703e-02
-1.343221115379246156e-01,-6.949111583309642848e-01,5.361795071384521938e-01,9.993900656700134277e-01,9.430862963199615479e-03,-3.353908285498619080e-02,-2.396164694800972939e-03,0.000000000000000000e+00,0.000000000000000000e+00,4.182071611285209656e-02,-1.264865652718816236e+00,-3.310343027114868164e-01,-5.161024928092956543e-01,1.187665835022926331e-01,1.351484627523694471e+00,-3.697843849658966064e-01,3.249033391475677490e-01,1.808732450008392334e-01,-4.999664425849914551e-02,3.414962887763977051e-01,2.303679287433624268e-01,-3.400958478450775146e-01,6.346008181571960449e-02,-5.106416344642639160e-01,-1.491976231336593628e-01,-1.679787486791610718e-01,9.779366254806518555e-01,-2.334849983453750610e-01,9.508430375717580318e-04
-1.365003905309872256e-01,-7.090298381914393877e-01,5.382855321677646465e-01,9.994480609893798828e-01,1.328871678560972214e-02,-2.921120077371597290e-02,-8.582979440689086914e-03,0.000000000000000000e+00,0.000000000000000000e+00,5.382670834660530090e-02,-1.257653371491704419e+00,-3.461828827857971191e-01,-5.087661743164062500e-01,9.176181256771087646e-02,1.352069930234227613e+00,-3.727258145809173584e-01,3.371917307376861572e-01,1.821622252464294434e-01,-2.932970225811004639e-02,3.503697812557220459e-01,1.969281584024429321e-01,-3.125444948673248291e-01,3.225206956267356873e-02,-5.006587505340576172e-01,-1.938648670911788940e-01,-1.012568771839141846e-01,9.453523755073547363e-01,-2.440232038497924805e-01,-2.057623676955699921e-02
-1.382319426037973142e-01,-7.243969619168777463e-01,5.392135300667899589e-01,9.994115233421325684e-01,1.920751109719276428e-02,-2.544358186423778534e-02,-1.265998464077711105e-02,0.000000000000000000e+00,0.000000000000000000e+00,5.555218458175659180e-02,-1.245874659219060376e+00,-3.588584065437316895e-01,-5.083988904953002930e-01,7.153450697660446167e-02,1.347799138226781324e+00,-3.796672821044921875e-01,3.405046761035919189e-01,1.776601225137710571e-01,-9.578971192240715027e-03,3.564372360706329346e-01,1.822664588689804077e-01,-2.937116026878356934e-01,2.832047874107956886e-03,-4.850107431411743164e-01,-2.566221654415130615e-01,-5.691515654325485229e-02,8.964518308639526367e-01,-2.592134773731231689e-01,-4.336253181099891663e-02
-1.394936830249398629e-01,-7.409550252752472588e-01,5.394088783784948271e-01,9.993158578872680664e-01,2.511092834174633026e-02,-2.166687138378620148e-02,-1.636281423270702362e-02,0.000000000000000000e+00,0.000000000000000000e+00,5.439790338277816772e-02,-1.234889552989278272e+00,-3.672303259372711182e-01,-5.098810791969299316e-01,5.929641425609588623e-02,1.341355205574307874e+00,-3.854708969593048096e-01,3.353855907917022705e-01,1.689605265855789185e-01,1.321896910667419434e-02,3.601036667823791504e-01,1.811331659555435181e-01,-2.793790698051452637e-01,-2.608398348093032837e-02,-4.693510830402374268e-01,-3.305343389511108398e-01,-3.955408930778503418e-02,8.349748253822326660e-01,-2.777831256389617920e-01,-7.273146510124206543e-02
-1.400953495970955476e-01,-7.580044280429079073e-01,5.392251139517986180e-01,9.991999864578247070e-01,2.949789352715015411e-02,-1.779527403414249420e-02,-2.031303383409976959e-02,0.000000000000000000e+00,0.000000000000000000e+00,5.561395362019538879e-02,-1.227752999463353589e+00,-3.732032775878906250e-01,-5.080121755599975586e-01,5.250583216547966003e-02,1.334247306981358960e+00,-3.869739472866058350e-01,3.264772295951843262e-01,1.590729951858520508e-01,4.140951484441757202e-02,3.608482778072357178e-01,1.871891915798187256e-01,-2.660376727581024170e-01,-5.415617302060127258e-02,-4.519285261631011963e-01,-3.951133489608764648e-01,-3.181584924459457397e-02,7.614809274673461914e-01,-2.966503798961639404e-01,-9.509520977735519409e-02
-1.400844922998562558e-01,-7.752297896086567386e-01,5.389336484580329323e-01,9.991227388381958008e-01,3.172926232218742371e-02,-1.399753428995609283e-02,-2.347372099757194519e-02,0.000000000000000000e+00,0.000000000000000000e+00,6.015910208225250244e-02,-1.223589615025792554e+00,-3.798420131206512451e-01,-5.022590756416320801e-01,4.673208668828010559e-02,1.328224108615193799e+00,-3.852953016757965088e-01,3.165547549724578857e-01,1.479692459106445312e-01,7.646539807319641113e-02,3.573924601078033447e-01,1.973200440406799316e-01,-2.500520646572113037e-01,-8.058876544237136841e-02,-4.251984655857086182e-01,-4.435005784034729004e-01,-3.305174037814140320e-02,6.767960786819458008e-01,-3.076515197753906250e-01,-1.057634130120277405e-01
-1.398230764002661441e-01,-7.939186234997980263e-01,5.383077034745553657e-01,9.991453886032104492e-01,3.085359744727611542e-02,-9.386654011905193329e-03,-2.585546299815177917e-02,0.000000000000000000e+00,0.000000000000000000e+00,6.757710874080657959e-02,-1.219344363608632520e+00,-3.902067542076110840e-01,-4.915964603424072266e-01,3.866296634078025818e-02,1.326625795164380506e+00,-3.827661573886871338e-01,3.070471584796905518e-01,1.307656764984130859e-01,1.224961429834365845e-01,3.484042584896087646e-01,2.162861227989196777e-01,-2.347268462181091309e-01,-1.102161481976509094e-01,-3.911365568637847900e-01,-4.707284867763519287e-01,-4.334241524338722229e-02,5.896524190902709961e-01,-3.023757636547088623e-01,-1.132411584258079529e-01
-1.398460158141273391e-01,-8.155872145927313133e-01,5.371216631191547686e-01,9.992406368255615234e-01,2.855129912495613098e-02,-3.329232800751924515e-03,-2.630224637687206268e-02,0.000000000000000000e+00,0.000000000000000000e+00,7.328034192323684692e-02,-1.213396267094884351e+00,-3.997088074684143066e-01,-4.805600643157958984e-01,2.703306637704372406e-02,1.329564423361096814e+00,-3.783356547355651855e-01,2.968734204769134521e-01,1.061437427997589111e-01,1.775856465101242065e-01,3.373041450977325439e-01,2.430519759654998779e-01,-2.156074792146682739e-01,-1.434765160083770752e-01,-3.555103838443756104e-01,-4.843252897262573242e-01,-6.377397477626800537e-02,5.134804248809814453e-01,-2.926941514015197754e-01,-1.146565079689025879e-01
-1.405047402858282668e-01,-8.401565101381504030e-01,5.357939589083796639e-01,9.993855953216552734e-01,2.361056022346019745e-02,4.265082534402608871e-03,-2.554850094020366669e-02,0.000000000000000000e+00,0.000000000000000000e+00,7.027018815279006958e-02,-1.206748024621282056e+00,-4.037392139434814453e-01,-4.710952937602996826e-01,1.172083709388971329e-02,1.335378960767064527e+00,-3.702828884124755859e-01,2.871534526348114014e-01,7.177444547414779663e-02,2.454640716314315796e-01,3.276601433753967285e-01,2.773799896240234375e-01,-1.911929845809936523e-01,-1.779939681291580200e-01,-3.221121728420257568e-01,-4.812782704830169678e-01,-1.038287952542304993e-01,4.593308866024017334e-01,-2.874644696712493896e-01,-9.847620129585266113e-02
-1.416530084570474801e-01,-8.665465931142821709e-01,5.339360532224780576e-01,9.995054602622985840e-01,1.491888891905546188e-02,1.370128151029348373e-02,-2.405253425240516663e-02,0.000000000000000000e+00,0.000000000000000000e+00,6.114805117249488831e-02,-1.202777997651372388e+00,-4.059312045574188232e-01,-4.594783484935760498e-01,-1.632514037191867828e-02,1.341576502719197705e+00,-3.515565693378448486e-01,2.845695018768310547e-01,3.480960801243782043e-02,3.268343806266784668e-01,3.200632929801940918e-01,3.060169517993927002e-01,-1.552794426679611206e-01,-2.090968489646911621e-01,-2.867058217525482178e-01,-4.505233168601989746e-01,-1.613768339157104492e-01,4.102693200111389160e-01,-2.432005703449249268e-01,-1.493885647505521774e-02
-1.429270282114921686e-01,-8.928677540505775001e-01,5.316921425941917301e-01,9.994710683822631836e-01,1.949149183928966522e-03,2.415108680725097656e-02,-2.169189974665641785e-02,0.000000000000000000e+00,0.000000000000000000e+00,4.902161657810211182e-02,-1.205606327452931836e+00,-4.016110897064208984e-01,-4.500748813152313232e-01,-5.608407780528068542e-02,1.343543262281690076e+00,-3.236099183559417725e-01,2.853326499462127686e-01,-2.680971520021557808e-03,4.149351119995117188e-01,3.020301163196563721e-01,3.122913241386413574e-01,-9.784664958715438843e-02,-2.331802546977996826e-01,-2.808896601200103760e-01,-3.888332247734069824e-01,-2.233687341213226318e-01,3.916763663291931152e-01,-1.670297086238861084e-01,1.053147315979003906e-01
-1.447423039549829982e-01,-9.190578800725816011e-01,5.297846628627692622e-01,9.992845654487609863e-01,-1.170150842517614365e-02,3.198887035250663757e-02,-1.643668487668037415e-02,0.000000000000000000e+00,0.000000000000000000e+00,2.985985949635505676e-02,-1.215740368762288526e+00,-3.871338069438934326e-01,-4.419670403003692627e-01,-9.583546966314315796e-02,1.339680717387471631e+00,-2.981527149677276611e-01,2.851625084877014160e-01,-4.095996543765068054e-02,4.941285252571105957e-01,2.640175223350524902e-01,3.118354082107543945e-01,-5.153809860348701477e-02,-2.398267388343811035e-01,-3.173190355300903320e-01,-3.249102830886840820e-01,-2.656240463256835938e-01,4.610648751258850098e-01,-1.572507321834564209e-01,1.521413773298263550e-01
-1.466829057088629706e-01,-9.449014860075531930e-01,5.307903848934655278e-01,9.992874264717102051e-01,-1.082638558000326157e-02,3.599984943866729736e-02,-3.396873362362384796e-03,0.000000000000000000e+00,0.000000000000000000e+00,5.842292215675115585e-03,-1.233331487574849561e+00,-3.636421263217926025e-01,-4.387992322444915771e-01,-1.249784827232360840e-01,1.332789869108472303e+00,-2.828896939754486084e-01,2.820197641849517822e-01,-1.020889654755592346e-01,5.378167033195495605e-01,2.517587542533874512e-01,3.600594699382781982e-01,-3.618909418582916260e-02,-1.619269698858261108e-01,-3.443030714988708496e-01,-3.043841421604156494e-01,-3.113598227500915527e-01,5.399771928787231445e-01,-1.996396034955978394e-01,1.336707472801208496e-01
-1.479304984281535618e-01,-9.689066172895407503e-01,5.333140940919066653e-01,9.992707371711730957e-01,-2.006906550377607346e-03,3.458696976304054260e-02,1.605222187936306000e-02,0.000000000000000000e+00,0.000000000000000000e+00,-1.881365664303302765e-02,-1.255237535634313062e+00,-3.313311338424682617e-01,-4.528107345104217529e-01,-1.223157495260238647e-01,1.327565179267201856e+00,-2.817354202270507812e-01,2.676828503608703613e-01,-1.278067976236343384e-01,5.193213224411010742e-01,2.448476254940032959e-01,3.956129550933837891e-01,-7.179793715476989746e-02,-9.866908192634582520e-02,-3.298020958900451660e-01,-2.997191846370697021e-01,-3.596733212471008301e-01,5.638340115547180176e-01,-2.344892323017120361e-01,1.052813008427619934e-01
-1.488698103367303849e-01,-9.904797139899297331e-01,5.365954474969343302e-01,9.990627765655517578e-01,2.645784057676792145e-03,3.040151111781597137e-02,3.069883212447166443e-02,0.000000000000000000e+00,0.000000000000000000e+00,-4.516531154513359070e-02,-1.281368778147969678e+00,-2.932064533233642578e-01,-4.783930182456970215e-01,-9.792835265398025513e-02,1.320763395228658155e+00,-2.921999692916870117e-01,2.478471845388412476e-01,-1.062450110912322998e-01,4.595981538295745850e-01,2.223096489906311035e-01,4.055620133876800537e-01,-1.266676336526870728e-01,-1.238110885024070740e-01,-2.974604070186614990e-01,-2.765151262283325195e-01,-4.003124237060546875e-01,5.483652353286743164e-01,-2.530231475830078125e-01,7.143550366163253784e-02
-1.496055634918086463e-01,-1.009460677683654550e+00,5.399191505890904574e-01,9.989621043205261230e-01,5.276388488709926605e-03,2.614701911807060242e-02,3.692035377025604248e-02,0.000000000000000000e+00,0.000000000000000000e+00,-6.873688101768493652e-02,-1.309602187075887159e+00,-2.581213712692260742e-01,-5.081982612609863281e-01,-6.554467231035232544e-02,1.308983967700276807e+00,-3.067473173141479492e-01,2.315142601728439331e-01,-6.194396689534187317e-02,3.976683318614959717e-01,2.493844926357269287e-01,4.349182546138763428e-01,-1.865933835506439209e-01,-1.337895244359970093e-01,-2.670775651931762695e-01,-2.383075803518295288e-01,-4.256551265716552734e-01,5.112398266792297363e-01,-2.555007636547088623e-01,3.864604979753494263e-02
-1.503877871246500353e-01,-1.026417492409848142e+00,5.423884279837812850e-01,9.990534782409667969e-01,7.878181524574756622e-03,2.269372716546058655e-02,3.626394271850585938e-02,0.000000000000000000e+00,0.000000000000000000e+00,-8.818200975656509399e-02,-1.334944889941487745e+00,-2.319197058677673340e-01,-5.389991998672485352e-01,-3.351498022675514221e-02,1.291614071526799634e+00,-3.221920728683471680e-01,2.216232717037200928e-01,-7.925053127110004425e-03,3.459502756595611572e-01,3.401373922824859619e-01,4.901321828365325928e-01,-2.471672147512435913e-01,-1.125676408410072327e-01,-2.446470707654953003e-01,-1.958612501621246338e-01,-4.383049011230468750e-01,4.707959592342376709e-01,-2.529457807540893555e-01,9.280586615204811096e-03
-1.514421490165922257e-01,-1.042501654465391114e+00,5.433806147223169125e-01,9.992753863334655762e-01,9.498242288827896118e-03,1.959386840462684631e-02,3.121808357536792755e-02,0.000000000000000000e+00,0.000000000000000000e+00,-1.044506579637527466e-01,-1.353245110311780408e+00,-2.148522585630416870e-01,-5.676888227462768555e-01,-6.117157172411680222e-03,1.271035180487904981e+00,-3.367455601692199707e-01,2.187170088291168213e-01,4.618503153324127197e-02,2.898767888545989990e-01,4.350542426109313965e-01,5.553507208824157715e-01,-2.944519817829132080e-01,-9.660506993532180786e-02,-2.327199578285217285e-01,-1.522970497608184814e-01,-4.394404888153076172e-01,4.433511495590209961e-01,-2.529135346412658691e-01,-2.082900516688823700e-02
-1.529287787321766678e-01,-1.058004546305446825e+00,5.430274515471072982e-01,9.994799494743347168e-01,9.086649864912033081e-03,1.688013412058353424e-02,2.592946588993072510e-02,0.000000000000000000e+00,0.000000000000000000e+00,-1.169989407062530518e-01,-1.365068660178456739e+00,-2.034929394721984863e-01,-5.928476452827453613e-01,2.301282435655593872e-02,1.252000168957982495e+00,-3.504831790924072266e-01,2.179128080606460571e-01,8.601958304643630981e-02,2.070127874612808228e-01,4.691751301288604736e-01,5.999367237091064453e-01,-3.189636170864105225e-01,-1.052511855959892273e-01,-2.291669845581054688e-01,-1.090568453073501587e-01,-4.387454390525817871e-01,4.322947263717651367e-01,-2.532056570053100586e-01,-5.514014884829521179e-02
-1.546995665445321799e-01,-1.072468293077415868e+00,5.417426782936760610e-01,9.995713233947753906e-01,7.645936217159032822e-03,1.506127137690782547e-02,2.391274832189083099e-02,0.000000000000000000e+00,0.000000000000000000e+00,-1.266683787107467651e-01,-1.370748491087232068e+00,-1.953091174364089966e-01,-6.152525544166564941e-01,5.925901979207992554e-02,1.239570603766713575e+00,-3.631591200828552246e-01,2.133708000183105469e-01,1.146845594048500061e-01,9.072150290012359619e-02,4.383015334606170654e-01,5.834250450134277344e-01,-3.152064383029937744e-01,-1.431719660758972168e-01,-2.311909496784210205e-01,-7.200117409229278564e-02,-4.421202838420867920e-01,4.333168268203735352e-01,-2.523134350776672363e-01,-8.937393128871917725e-02
-1.568012320472285115e-01,-1.086304101939454148e+00,5.397615018027900335e-01,9.995342493057250977e-01,4.593458957970142365e-03,1.440435647964477539e-02,2.650807052850723267e-02,0.000000000000000000e+00,0.000000000000000000e+00,-1.349536627531051636e-01,-1.371380464234624341e+00,-1.904695481061935425e-01,-6.363590955734252930e-01,1.027332320809364319e-01,1.235676513114247754e+00,-3.761015236377716064e-01,2.035706043243408203e-01,1.490813940763473511e-01,-4.521349444985389709e-02,3.596858978271484375e-01,4.925515353679656982e-01,-2.832081615924835205e-01,-1.929873377084732056e-01,-2.386016249656677246e-01,-3.771425411105155945e-02,-4.527660310268402100e-01,4.398071169853210449e-01,-2.480342239141464233e-01,-1.235663965344429016e-01
-1.593858708200430740e-01,-1.100243875131462490e+00,5.370492119387243468e-01,9.992545843124389648e-01,-4.586345050483942032e-03,1.538246311247348785e-02,3.510957211256027222e-02,0.000000000000000000e+00,0.000000000000000000e+00,-1.379292309284210205e-01,-1.365420044460568860e+00,-1.913868933916091919e-01,-6.574833393096923828e-01,1.571163237094879150e-01,1.243257866301808789e+00,-3.913743495941162109e-01,1.882321387529373169e-01,2.016004025936126709e-01,-1.793478131294250488e-01,2.206776738166809082e-01,3.242104351520538330e-01,-2.221121191978454590e-01,-2.342801839113235474e-01,-2.448946833610534668e-01,1.092385221272706985e-02,-4.781282842159271240e-01,4.310244023799896240e-01,-2.322961390018463135e-01,-1.606938391923904419e-01
-1.628462346917902703e-01,-1.115992727311271526e+00,5.338775525272193567e-01,9.984160661697387695e-01,-2.241989411413669586e-02,1.769388839602470398e-02,4.847267642617225647e-02,0.000000000000000000e+00,0.000000000000000000e+00,-1.379846781492233276e-01,-1.350510017075810865e+00,-1.855210810899734497e-01,-6.766059398651123047e-01,2.199635356664657593e-01,1.265321062007222608e+00,-4.044210314750671387e-01,1.750267148017883301e-01,2.577549219131469727e-01,-2.518798112869262695e-01,6.574272364377975464e-02,1.368664950132369995e-01,-1.490556895732879639e-01,-2.514370083808898926e-01,-2.443783283233642578e-01,8.275855332612991333e-02,-5.211926102638244629e-01,3.912315666675567627e-01,-1.988810747861862183e-01,-1.998913884162902832e-01
-1.680135296907915576e-01,-1.133958710170153372e+00,5.316871602780590678e-01,9.971595406532287598e-01,-3.598931059241294861e-02,1.655279844999313354e-02,6.405898183584213257e-02,0.000000000000000000e+00,0.000000000000000000e+00,-1.386276185512542725e-01,-1.328166634836469129e+00,-1.796808689832687378e-01,-6.914290189743041992e-01,2.823417186737060547e-01,1.301159487166676954e+00,-4.117929339408874512e-01,1.593215018510818481e-01,2.608756721019744873e-01,-2.570413351058959961e-01,-1.319194585084915161e-02,9.879146516323089600e-02,-1.323799937963485718e-01,-2.343895435333251953e-01,-2.428018748760223389e-01,1.464702188968658447e-01,-5.553886294364929199e-01,3.456803858280181885e-01,-1.569032520055770874e-01,-2.360507994890213013e-01
-1.750016536398066314e-01,-1.152858129956505495e+00,5.310271279483732565e-01,9.965132474899291992e-01,-2.860942669212818146e-02,1.158011239022016525e-02,7.751649618148803711e-02,0.000000000000000000e+00,0.000000000000000000e+00,-1.556051373481750488e-01,-1.300481901564870313e+00,-1.923449635505676270e-01,-7.047279477119445801e-01,3.284052014350891113e-01,1.349835113683019117e+00,-4.144080877304077148e-01,1.419722586870193481e-01,2.446522861719131470e-01,-2.570748925209045410e-01,4.317258019000291824e-03,1.287745237350463867e-01,-1.216600686311721802e-01,-8.531685918569564819e-02,-2.702462673187255859e-01,1.461532711982727051e-01,-5.614038705825805664e-01,3.769578933715820312e-01,-1.232312768697738647e-01,-2.347529679536819458e-01
-1.835942806002467675e-01,-1.172259601131834250e+00,5.290858515058503020e-01,9.965289235115051270e-01,-1.544518861919641495e-02,2.673505805432796478e-03,8.175795525312423706e-02,0.000000000000000000e+00,0.000000000000000000e+00,-1.670867651700973511e-01,-1.273732320466313794e+00,-2.050895541906356812e-01,-7.053837776184082031e-01,3.541491925716400146e-01,1.390549481907163099e+00,-4.085282981395721436e-01,1.465886086225509644e-01,2.226681411266326904e-01,-2.538188993930816650e-01,6.383644044399261475e-02,2.031370848417282104e-01,-1.951219439506530762e-01,1.506977677345275879e-01,-3.312011063098907471e-01,1.232353076338768005e-01,-5.360001921653747559e-01,4.812956452369689941e-01,-8.128651231527328491e-02,-1.908804923295974731e-01
-1.931353329558565257e-01,-1.190224919681898363e+00,5.263023560403874423e-01,9.972594976425170898e-01,-3.962793387472629547e-03,-7.269322406500577927e-03,7.351827621459960938e-02,0.000000000000000000e+00,0.000000000000000000e+00,-1.666401177644729614e-01,-1.254462436833653882e+00,-2.170528173446655273e-01,-6.889480948448181152e-01,3.519706428050994873e-01,1.411491052308354810e+00,-3.992229104042053223e-01,1.660092175006866455e-01,2.388559579849243164e-01,-2.508081495761871338e-01,1.067399308085441589e-01,1.888931095600128174e-01,-2.461268603801727295e-01,2.223460972309112549e-01,-4.095286726951599121e-01,1.229317411780357361e-01,-4.593191146850585938e-01,5.889567732810974121e-01,-8.259806782007217407e-04,-7.713954895734786987e-02
-2.026086673313620135e-01,-1.207044886791645899e+00,5.240806167188919451e-01,9.982424974441528320e-01,6.791071500629186630e-03,-1.845047622919082642e-02,5.590448528528213501e-02,0.000000000000000000e+00,0.000000000000000000e+00,-1.510770618915557861e-01,-1.246597186723027662e+00,-2.339254170656204224e-01,-6.579759120941162109e-01,3.268702626228332520e-01,1.412425533929143384e+00,-3.870490193367004395e-01,2.000656127929687500e-01,2.636899054050445557e-01,-2.448904365301132202e-01,1.533385962247848511e-01,1.659862846136093140e-01,-2.949305474758148193e-01,2.371569126844406128e-01,-4.693117737770080566e-01,1.669387668371200562e-01,-3.369996845722198486e-01,6.372253894805908203e-01,1.173522546887397766e-01,1.571368575096130371e-01
-2.109886116718854565e-01,-1.224563042468795881e+00,5.216748638548934780e-01,9.990117549896240234e-01,5.709539633244276047e-03,-3.360742703080177307e-02,2.852025069296360016e-02,0.000000000000000000e+00,0.000000000000000000e+00,-1.116169095039367676e-01,-1.244136677184377149e+00,-2.420078814029693604e-01,-6.159947514533996582e-01,2.790639102458953857e-01,1.393793062367711499e+00,-3.813489675521850586e-01,2.372341603040695190e-01,2.590925693511962891e-01,-2.095481902360916138e-01,2.040601670742034912e-01,1.961091458797454834e-01,-3.608894944190979004e-01,2.092877924442291260e-01,-4.507324993610382080e-01,2.165530472993850708e-01,-2.789043784141540527e-01,6.061626672744750977e-01,2.155824601650238037e-01,2.528513967990875244e-01
-2.184581207777514522e-01,-1.239402538915776342e+00,5.220717468541680173e-01,9.989036321640014648e-01,1.393862720578908920e-02,-4.336468502879142761e-02,1.080263499170541763e-02,0.000000000000000000e+00,0.000000000000000000e+00,-6.842365860939025879e-02,-1.244781778254781202e+00,-2.586137056350708008e-01,-5.687549710273742676e-01,2.316629290580749512e-01,1.368840069570813611e+00,-3.691373765468597412e-01,2.754609882831573486e-01,2.772897481918334961e-01,-1.986683309078216553e-01,2.443449497222900391e-01,1.628898680210113525e-01,-3.645671606063842773e-01,1.870576143264770508e-01,-4.867063164710998535e-01,1.569818109273910522e-01,-2.484139949083328247e-01,7.670118212699890137e-01,7.809764146804809570e-02,2.523494064807891846e-01
-2.249598564941323042e-01,-1.252080125354155138e+00,5.245776027531334762e-01,9.986110329627990723e-01,2.055089734494686127e-02,-4.842036589980125427e-02,-3.019708674401044846e-03,0.000000000000000000e+00,0.000000000000000000e+00,-1.655934192240238190e-02,-1.249153123297963575e+00,-2.760725617408752441e-01,-5.213164091110229492e-01,1.866731941699981689e-01,1.350577027597699598e+00,-3.571850657463073730e-01,3.045274317264556885e-01,2.761161029338836670e-01,-1.851903945207595825e-01,2.732859551906585693e-01,1.567361056804656982e-01,-3.518488705158233643e-01,1.645309180021286011e-01,-5.036785006523132324e-01,6.599888950586318970e-02,-2.415045499801635742e-01,8.991515040397644043e-01,-6.768671423196792603e-02,2.258287221193313599e-01
-2.304481060705100559e-01,-1.263419212563471339e+00,5.279812720192200715e-01,9.985438585281372070e-01,2.021401934325695038e-02,-4.792666435241699219e-02,-1.430408656597137451e-02,0.000000000000000000e+00,0.000000000000000000e+00,3.629095479846000671e-02,-1.256817982592854932e+00,-2.894774079322814941e-01,-4.799032807350158691e-01,1.501043438911437988e-01,1.343289719023976758e+00,-3.490819931030273438e-01,3.233253061771392822e-01,2.615002989768981934e-01,-1.544059962034225464e-01,2.934519350528717041e-01,1.634253710508346558e-01,-3.400909900665283203e-01,1.379695683717727661e-01,-5.033059120178222656e-01,-3.007764182984828949e-02,-2.687270343303680420e-01,9.802235364913940430e-01,-1.676000952720642090e-01,1.469735652208328247e-01
-2.349944072626907465e-01,-1.274977770798435106e+00,5.315335803832670347e-01,9.986529946327209473e-01,1.710086688399314880e-02,-4.313996806740760803e-02,-2.321248687803745270e-02,0.000000000000000000e+00,0.000000000000000000e+00,8.240456879138946533e-02,-1.265260473885808423e+00,-3.040276467800140381e-01,-4.454290568828582764e-01,1.181052029132843018e-01,1.345471427836690381e+00,-3.474811315536499023e-01,3.346616625785827637e-01,2.430015206336975098e-01,-1.178720295429229736e-01,3.070804178714752197e-01,1.637953817844390869e-01,-3.259584903717041016e-01,1.073413565754890442e-01,-5.023664236068725586e-01,-9.300670027732849121e-02,-2.665196061134338379e-01,1.013057231903076172e+00,-2.209056764841079712e-01,7.665593922138214111e-02
-2.387384725188968215e-01,-1.287453324317631154e+00,5.346276817403056159e-01,9.987462162971496582e-01,1.519917137920856476e-02,-3.727519884705543518e-02,-2.975778467953205109e-02,0.000000000000000000e+00,0.000000000000000000e+00,1.182859763503074646e-01,-1.269830391803060010e+00,-3.190654218196868896e-01,-4.161142110824584961e-01,9.022641181945800781e-02,1.352102578678403333e+00,-3.519864380359649658e-01,3.404150903224945068e-01,2.269213199615478516e-01,-8.323054760694503784e-02,3.181893229484558105e-01,1.584131717681884766e-01,-3.090993762016296387e-01,7.539071887731552124e-02,-5.034382343292236328e-01,-1.307619959115982056e-01,-2.228399664163589478e-01,1.014379620552062988e+00,-2.481325119733810425e-01,3.884963318705558777e-02
-2.416340908569970525e-01,-1.300437323198174067e+00,5.367538021113534841e-01,9.987328648567199707e-01,1.649995148181915283e-02,-3.188638389110565186e-02,-3.526630997657775879e-02,0.000000000000000000e+00,0.000000000000000000e+00,1.448567956686019897e-01,-1.266305164494786695e+00,-3.355964124202728271e-01,-3.914501667022705078e-01,6.515136361122131348e-02,1.358548984923634961e+00,-3.632754087448120117e-01,3.413037359714508057e-01,2.139575183391571045e-01,-5.459377914667129517e-02,3.294202089309692383e-01,1.530169844627380371e-01,-2.932964861392974854e-01,4.450525715947151184e-02,-4.996993839740753174e-01,-1.705813407897949219e-01,-1.681544780731201172e-01,9.940968751907348633e-01,-2.660160362720489502e-01,1.527491118758916855e-02
-2.437004026748014196e-01,-1.313582832160020031e+00,5.376756136345141046e-01,9.985308647155761719e-01,2.084881812334060669e-02,-2.745965309441089630e-02,-4.180183634161949158e-02,0.000000000000000000e+00,0.000000000000000000e+00,1.668682098388671875e-01,-1.255330995717320874e+00,-3.552291095256805420e-01,-3.698926866054534912e-01,4.210616648197174072e-02,1.361798093714986280e+00,-3.797771334648132324e-01,3.378628492355346680e-01,2.044673860073089600e-01,-3.216467425227165222e-02,3.431209623813629150e-01,1.508864909410476685e-01,-2.816386520862579346e-01,1.525297760963439941e-02,-4.898733496665954590e-01,-2.235855460166931152e-01,-1.215931698679924011e-01,9.526783227920532227e-01,-2.754967808723449707e-01,-4.054629243910312653e-03
-2.450084474965026904e-01,-1.327350881522653125e+00,5.376683892761215944e-01,9.981200098991394043e-01,2.628832124173641205e-02,-2.340386435389518738e-02,-5.017575994133949280e-02,0.000000000000000000e+00,0.000000000000000000e+00,1.877202689647674561e-01,-1.241292313733373120e+00,-3.785561919212341309e-01,-3.487200438976287842e-01,2.171972021460533142e-02,1.362774522104535535e+00,-3.992193639278411865e-01,3.300611972808837891e-01,1.975472718477249146e-01,-1.238862797617912292e-02,3.578858077526092529e-01,1.515750586986541748e-01,-2.728466391563415527e-01,-1.429568137973546982e-02,-4.784561395645141602e-01,-2.829464673995971680e-01,-8.890436589717864990e-02,8.879358768463134766e-01,-2.712197005748748779e-01,-2.004119008779525757e-02
-2.457505427248249108e-01,-1.342204743647816167e+00,5.373114478445113473e-01,9.975510835647583008e-01,3.120095655322074890e-02,-1.857153140008449554e-02,-5.977826192975044250e-02,0.000000000000000000e+00,0.000000000000000000e+00,2.086362540721893311e-01,-1.228285090127263501e+00,-4.053142368793487549e-01,-3.253606855869293213e-01,2.600544597953557968e-03,1.363485009470258191e+00,-4.180613160133361816e-01,3.194705545902252197e-01,1.910033077001571655e-01,9.610576555132865906e-03,3.710468411445617676e-01,1.530473679304122925e-01,-2.628732323646545410e-01,-4.509906843304634094e-02,-4.682239592075347900e-01,-3.388229906558990479e-01,-6.575561314821243286e-02,8.021450638771057129e-01,-2.547809183597564697e-01,-3.511050716042518616e-02
-2.461110963356314407e-01,-1.357798396680090169e+00,5.369469083807986154e-01,9.969143271446228027e-01,3.429338708519935608e-02,-1.241206750273704529e-02,-6.951130181550979614e-02,0.000000000000000000e+00,0.000000000000000000e+00,2.288226485252380371e-01,-1.217968509593282178e+00,-4.327153265476226807e-01,-3.003089129924774170e-01,-1.708928309381008148e-02,1.365421296158109143e+00,-4.331195950508117676e-01,3.085747063159942627e-01,1.816588789224624634e-01,3.795139491558074951e-02,3.799329698085784912e-01,1.577683985233306885e-01,-2.505020201206207275e-01,-7.819141447544097900e-02,-4.560415446758270264e-01,-3.851651251316070557e-01,-5.727529525756835938e-02,7.025544047355651855e-01,-2.313288301229476929e-01,-4.856025800108909607e-02
-2.463284083576214312e-01,-1.373982869367105675e+00,5.366315692888967703e-01,9.963218569755554199e-01,3.536881133913993835e-02,-4.887754563242197037e-03,-7.789735496044158936e-02,0.000000000000000000e+00,0.000000000000000000e+00,2.467629760503768921e-01,-1.209625349440846875e+00,-4.571744799613952637e-01,-2.758827507495880127e-01,-3.989131003618240356e-02,1.368889526524815992e+00,-4.422589838504791260e-01,3.003146946430206299e-01,1.674944013357162476e-01,7.401791960000991821e-02,3.843211829662322998e-01,1.677095144987106323e-01,-2.350038737058639526e-01,-1.137577518820762634e-01,-4.389839768409729004e-01,-4.182436168193817139e-01,-6.440442055463790894e-02,6.001241803169250488e-01,-2.074842900037765503e-01,-5.981302261352539062e-02
-2.468180869948683465e-01,-1.392264066759986152e+00,5.363311356260921370e-01,9.958366155624389648e-01,3.415347263216972351e-02,4.339882638305425644e-03,-8.440484106540679932e-02,0.000000000000000000e+00,0.000000000000000000e+00,2.609980106353759766e-01,-1.202085361876759961e+00,-4.763972759246826172e-01,-2.531117200851440430e-01,-7.138421386480331421e-02,1.373611764111791089e+00,-4.440874159336090088e-01,2.960627973079681396e-01,1.473267078399658203e-01,1.206270605325698853e-01,3.853400647640228271e-01,1.852043718099594116e-01,-2.150185853242874146e-01,-1.531827598810195923e-01,-4.178335666656494141e-01,-4.387385845184326172e-01,-9.388802200555801392e-02,5.073092579841613770e-01,-1.861501038074493408e-01,-7.040312141180038452e-02
-2.476138874391714817e-01,-1.413222843881207336e+00,5.359543894878541215e-01,9.954140186309814453e-01,3.065346926450729370e-02,1.511148642748594284e-02,-8.934751898050308228e-02,0.000000000000000000e+00,0.000000000000000000e+00,2.638780772686004639e-01,-1.196404353776250318e+00,-4.859859347343444824e-01,-2.345104068517684937e-01,-1.165451928973197937e-01,1.378030256428990796e+00,-4.362823069095611572e-01,2.989684641361236572e-01,1.216228306293487549e-01,1.792568415403366089e-01,3.854080438613891602e-01,2.052831798791885376e-01,-1.871763616800308228e-01,-1.961651742458343506e-01,-3.974465131759643555e-01,-4.411866664886474609e-01,-1.436261832714080811e-01,4.403891265392303467e-01,-1.733976453542709351e-01,-6.265871971845626831e-02
-2.493548747731579585e-01,-1.436683740164294454e+00,5.349835436700871583e-01,9.951660633087158203e-01,2.491508051753044128e-02,2.699378505349159241e-02,-9.107786417007446289e-02,0.000000000000000000e+00,0.000000000000000000e+00,2.541281282901763916e-01,-1.197285370030675367e+00,-4.884814918041229248e-01,-2.255187779664993286e-01,-1.813964098691940308e-01,1.379709483185086683e+00,-4.094356894493103027e-01,3.166339397430419922e-01,9.213020652532577515e-02,2.455493658781051636e-01,3.775479197502136230e-01,2.218562960624694824e-01,-1.497471630573272705e-01,-2.367576956748962402e-01,-3.679488301277160645e-01,-4.080230891704559326e-01,-2.020498067140579224e-01,3.807100355625152588e-01,-8.816830068826675415e-02,5.784640088677406311e-02
-2.519339291999737607e-01,-1.461081311880338074e+00,5.350243571430746137e-01,9.952176809310913086e-01,1.629018224775791168e-02,3.955572471022605896e-02,-8.781620860099792480e-02,0.000000000000000000e+00,0.000000000000000000e+00,2.241776585578918457e-01,-1.206590161719594434e+00,-4.699566662311553955e-01,-2.225071042776107788e-01,-2.615599036216735840e-01,1.372803599634442762e+00,-3.563315868377685547e-01,3.394556045532226562e-01,5.508793517947196960e-02,3.185599446296691895e-01,3.615066111087799072e-01,2.393634617328643799e-01,-9.956303983926773071e-02,-2.615590095520019531e-01,-3.777659535408020020e-01,-3.557701408863067627e-01,-2.622454464435577393e-01,3.866036236286163330e-01,-5.646490678191184998e-02,1.221817433834075928e-01
-2.552074769763934547e-01,-1.486026107984961930e+00,5.362728425273389776e-01,9.957143664360046387e-01,8.262593299150466919e-03,5.065603554248809814e-02,-7.693266123533248901e-02,0.000000000000000000e+00,0.000000000000000000e+00,1.785375028848648071e-01,-1.224305735030446485e+00,-4.339224100112915039e-01,-2.327429801225662231e-01,-3.383224308490753174e-01,1.358069361248288587e+00,-2.991548776626586914e-01,3.606149852275848389e-01,-1.640080125071108341e-03,3.921256959438323975e-01,3.467015624046325684e-01,2.729900181293487549e-01,-4.242393001914024353e-02,-2.520152330398559570e-01,-4.051079452037811279e-01,-3.154656291007995605e-01,-3.236953020095825195e-01,4.486837983131408691e-01,-9.406829625368118286e-02,1.013639196753501892e-01
-2.579476055318508654e-01,-1.509273262905954205e+00,5.380013325516924683e-01,9.967786073684692383e-01,7.460957393050193787e-03,5.761082097887992859e-02,-5.529678240418434143e-02,0.000000000000000000e+00,0.000000000000000000e+00,1.190918833017349243e-01,-1.244700626530919507e+00,-3.919734954833984375e-01,-2.608606815338134766e-01,-3.932441473007202148e-01,1.337675617137227491e+00,-2.438683807849884033e-01,3.698719143867492676e-01,-6.416425108909606934e-02,4.445531368255615234e-01,3.695082962512969971e-01,3.353330790996551514e-01,-4.776745289564132690e-02,-1.768351048231124878e-01,-4.021052122116088867e-01,-2.973518073558807373e-01,-3.935292065143585205e-01,4.792335033416748047e-01,-1.297169327735900879e-01,7.045264542102813721e-02
-2.596717152699376530e-01,-1.530194506578975266e+00,5.400628488902190494e-01,9.977525472640991211e-01,1.199880521744489670e-02,5.860204249620437622e-02,-3.019386529922485352e-02,0.000000000000000000e+00,0.000000000000000000e+00,5.582894012331962585e-02,-1.270579234757695630e+00,-3.487184643745422363e-01,-2.982308268547058105e-01,-4.121747016906738281e-01,1.314517901339803174e+00,-2.093583196401596069e-01,3.634850382804870605e-01,-6.631966680288314819e-02,4.358953833580017090e-01,4.198035895824432373e-01,3.365328311920166016e-01,-1.081521138548851013e-01,-1.409389525651931763e-01,-3.807658553123474121e-01,-2.905679345130920410e-01,-4.529176354408264160e-01,4.900265038013458252e-01,-1.651504933834075928e-01,3.551102057099342346e-02
-2.606732230915715931e-01,-1.549419271608795778e+00,5.423040607639334487e-01,9.982721805572509766e-01,1.487398985773324966e-02,5.612989515066146851e-02,-8.988199755549430847e-03,0.000000000000000000e+00,0.000000000000000000e+00,-7.533228956162929535e-03,-1.301894293227467969e+00,-3.026121854782104492e-01,-3.375269174575805664e-01,-4.066557288169860840e-01,1.292541162171636060e+00,-1.933956593275070190e-01,3.488231599330902100e-01,-4.113978147506713867e-02,3.907187283039093018e-01,4.467619061470031738e-01,3.260120749473571777e-01,-1.570181995630264282e-01,-1.410014331340789795e-01,-3.489741683006286621e-01,-2.735191285610198975e-01,-5.061212182044982910e-01,4.793875515460968018e-01,-1.892117857933044434e-01,-6.184254016261547804e-05
-2.612251806804778420e-01,-1.567354613223461257e+00,5.442888494340156758e-01,9.984653592109680176e-01,1.622620597481727600e-02,5.243801698088645935e-02,7.347189821302890778e-03,0.000000000000000000e+00,0.000000000000000000e+00,-6.944905221462249756e-02,-1.335522280135426954e+00,-2.593354582786560059e-01,-3.781034052371978760e-01,-3.860453069210052490e-01,1.273362920680318311e+00,-1.856786906719207764e-01,3.306288421154022217e-01,-6.339644547551870346e-03,3.283959925174713135e-01,4.565870463848114014e-01,3.239261806011199951e-01,-1.915595978498458862e-01,-1.476814001798629761e-01,-3.147442042827606201e-01,-2.459695488214492798e-01,-5.514772534370422363e-01,4.547800123691558838e-01,-2.052937746047973633e-01,-3.158129751682281494e-02
-2.612520021489924682e-01,-1.584439805628675479e+00,5.457086434546444265e-01,9.984780550003051758e-01,1.850326173007488251e-02,4.797151684761047363e-02,1.994866877794265747e-02,0.000000000000000000e+00,0.000000000000000000e+00,-1.239712983369827271e-01,-1.367152691879544690e+00,-2.260669320821762085e-01,-4.204309880733489990e-01,-3.524703979492187500e-01,1.258506194749150708e+00,-1.794125735759735107e-01,3.082938492298126221e-01,3.559964150190353394e-02,2.537799477577209473e-01,4.610037505626678467e-01,3.308165669441223145e-01,-2.212136685848236084e-01,-1.501753777265548706e-01,-2.841179072856903076e-01,-2.169672101736068726e-01,-5.859634876251220703e-01,4.304037094116210938e-01,-2.199381291866302490e-01,-5.735893175005912781e-02
-2.610047754705554501e-01,-1.600386206643147791e+00,5.461708363145589828e-01,9.984763264656066895e-01,1.953093707561492920e-02,4.258147627115249634e-02,2.916217595338821411e-02,0.000000000000000000e+00,0.000000000000000000e+00,-1.618346124887466431e-01,-1.390617967644010022e+00,-2.089964598417282104e-01,-4.607282578945159912e-01,-3.037082850933074951e-01,1.250382200875554517e+00,-1.786568611860275269e-01,2.825958430767059326e-01,7.785152643918991089e-02,1.630394905805587769e-01,4.253866374492645264e-01,3.367708325386047363e-01,-2.440974861383438110e-01,-1.704317480325698853e-01,-2.581657171249389648e-01,-1.853558421134948730e-01,-6.097130179405212402e-01,4.148203730583190918e-01,-2.332770228385925293e-01,-8.083982020616531372e-02
-2.606214277634416043e-01,-1.614844555905972978e+00,5.456214944416224455e-01,9.985122084617614746e-01,1.637695729732513428e-02,3.667472675442695618e-02,3.687903657555580139e-02,0.000000000000000000e+00,0.000000000000000000e+00,-1.814350485801696777e-01,-1.401212842264447644e+00,-2.048837542533874512e-01,-4.954022467136383057e-01,-2.382618039846420288e-01,1.253241793313298658e+00,-1.924889087677001953e-01,2.547465860843658447e-01,1.238783076405525208e-01,6.035078689455986023e-02,3.502195477485656738e-01,3.191179931163787842e-01,-2.533243000507354736e-01,-2.181964367628097534e-01,-2.350489944219589233e-01,-1.463727802038192749e-01,-6.300047039985656738e-01,4.044577181339263916e-01,-2.405373156070709229e-01,-1.064381375908851624e-01
-2.603538773871130196e-01,-1.628416052897169175e+00,5.442505686383958263e-01,9.983525872230529785e-01,9.022044949233531952e-03,3.226235136389732361e-02,4.658049717545509338e-02,0.000000000000000000e+00,0.000000000000000000e+00,-1.876670569181442261e-01,-1.396238596239362195e+00,-2.047553360462188721e-01,-5.235290527343750000e-01,-1.614453941583633423e-01,1.267826036610875562e+00,-2.212012559175491333e-01,2.267001122236251831e-01,1.725156754255294800e-01,-3.929630294442176819e-02,2.681754231452941895e-01,2.703754603862762451e-01,-2.428054362535476685e-01,-2.562012076377868652e-01,-2.153502702713012695e-01,-9.883879125118255615e-02,-6.576774120330810547e-01,3.882466256618499756e-01,-2.387934029102325439e-01,-1.345901042222976685e-01
-2.607141403628118193e-01,-1.642284828084285886e+00,5.425663381890215575e-01,9.977846145629882812e-01,-1.592515502125024796e-03,3.003544546663761139e-02,5.933916568756103516e-02,0.000000000000000000e+00,0.000000000000000000e+00,-1.879954040050506592e-01,-1.376939565935407117e+00,-2.042793929576873779e-01,-5.499734878540039062e-01,-7.830633968114852905e-02,1.291849539675984815e+00,-2.618907988071441650e-01,2.033674567937850952e-01,2.134929150342941284e-01,-1.278592348098754883e-01,1.764226555824279785e-01,1.962036937475204468e-01,-2.074461579322814941e-01,-2.696408629417419434e-01,-1.983356475830078125e-01,-4.151801392436027527e-02,-6.923666596412658691e-01,3.563934564590454102e-01,-2.248560041189193726e-01,-1.642657816410064697e-01
-2.620215208756953573e-01,-1.657550146483411702e+00,5.408295027851456327e-01,9.966912865638732910e-01,-1.340569648891687393e-02,2.926361933350563049e-02,7.463471591472625732e-02,0.000000000000000000e+00,0.000000000000000000e+00,-1.863966584205627441e-01,-1.347888724007878736e+00,-2.024937272071838379e-01,-5.785304903984069824e-01,7.744241971522569656e-03,1.321051449575696424e+00,-3.074511587619781494e-01,1.893516629934310913e-01,2.325874865055084229e-01,-1.950988769531250000e-01,8.323700726032257080e-02,1.337259858846664429e-01,-1.646304875612258911e-01,-2.639901638031005859e-01,-1.841418594121932983e-01,2.182049490511417389e-02,-7.282189130783081055e-01,3.112912476062774658e-01,-1.992758959531784058e-01,-1.930457353591918945e-01
-2.644838022681498813e-01,-1.674776670589591454e+00,5.393916478685357729e-01,9.952662587165832520e-01,-2.442716248333454132e-02,2.838090993463993073e-02,8.968245983123779297e-02,0.000000000000000000e+00,0.000000000000000000e+00,-1.840674579143524170e-01,-1.314706818261418775e+00,-1.949706971645355225e-01,-6.087098121643066406e-01,8.857692778110504150e-02,1.350018681087766126e+00,-3.471120297908782959e-01,1.852138936519622803e-01,2.275746613740921021e-01,-2.383208721876144409e-01,1.110969763249158859e-02,1.124532818794250488e-01,-1.364713162183761597e-01,-2.516461610794067383e-01,-1.752338260412216187e-01,8.482223004102706909e-02,-7.613972425460815430e-01,2.609598636627197266e-01,-1.663980484008789062e-01,-2.193528264760971069e-01
-2.687932150878689641e-01,-1.692847032971454446e+00,5.381350662205556246e-01,9.940264225006103516e-01,-2.677629142999649048e-02,2.420411258935928345e-02,1.029980927705764771e-01,0.000000000000000000e+00,0.000000000000000000e+00,-1.827130466699600220e-01,-1.280206547179494336e+00,-1.965630203485488892e-01,-6.388061046600341797e-01,1.590595245361328125e-01,1.371752114095960096e+00,-3.805739879608154297e-01,1.782416403293609619e-01,2.139736115932464600e-01,-2.568591535091400146e-01,-1.721662411000579596e-04,1.107755005359649658e-01,-1.027595773339271545e-01,-2.170207053422927856e-01,-1.844269335269927979e-01,1.136220246553421021e-01,-7.694795131683349609e-01,2.588955760002136230e-01,-1.394253224134445190e-01,-2.345676571130752563e-01
-2.752268176311344905e-01,-1.712126271324326376e+00,5.373928256746794974e-01,9.935492873191833496e-01,-1.755508035421371460e-02,1.591062545776367188e-02,1.108979657292366028e-01,0.000000000000000000e+00,0.000000000000000000e+00,-1.863751709461212158e-01,-1.248519019284520581e+00,-2.137517035007476807e-01,-6.649219989776611328e-01,2.104940861463546753e-01,1.387428269782338575e+00,-4.045641124248504639e-01,1.725072860717773438e-01,1.853901296854019165e-01,-2.620944678783416748e-01,5.416698381304740906e-02,1.748028695583343506e-01,-1.010629907250404358e-01,-6.655199825763702393e-02,-2.212110757827758789e-01,9.324860572814941406e-02,-7.455483078956604004e-01,3.438941836357116699e-01,-1.220063790678977966e-01,-2.145192772150039673e-01
-2.832277530315097103e-01,-1.730441929737124740e+00,5.349586320894234026e-01,9.936560988426208496e-01,-6.575865205377340317e-03,3.641467308625578880e-03,1.122099086642265320e-01,0.000000000000000000e+00,0.000000000000000000e+00,-1.880543231964111328e-01,-1.225260899462972120e+00,-2.320525795221328735e-01,-6.850152611732482910e-01,2.387499511241912842e-01,1.391089529791150525e+00,-4.163718819618225098e-01,1.798267662525177002e-01,1.436326950788497925e-01,-2.608250379562377930e-01,1.214420199394226074e-01,3.026908338069915771e-01,-1.652644574642181396e-01,1.755097359418869019e-01,-2.827093899250030518e-01,5.776277929544448853e-02,-6.902329325675964355e-01,4.850526750087738037e-01,-8.452299982309341431e-02,-1.433051079511642456e-01
-2.921359889593088122e-01,-1.747811778470723221e+00,5.315773417266330680e-01,9.942079782485961914e-01,-4.231693746987730265e-04,-1.048357225954532623e-02,1.069602072238922119e-01,0.000000000000000000e+00,0.000000000000000000e+00,-1.796645522117614746e-01,-1.209945515790257886e+00,-2.498637437820434570e-01,-6.920041441917419434e-01,2.481315732002258301e-01,1.382744834819112256e+00,-4.209082424640655518e-01,1.954862475395202637e-01,1.499796509742736816e-01,-2.491981238126754761e-01,1.440036743879318237e-01,3.281911909580230713e-01,-2.365647554397583008e-01,2.352605909109115601e-01,-3.629148304462432861e-01,6.188762933015823364e-02,-5.729151964187622070e-01,6.087754368782043457e-01,1.037035882472991943e-02,9.812693111598491669e-03
-3.010483352979174687e-01,-1.764003309438926914e+00,5.286198803895351128e-01,9.948398470878601074e-01,4.378430079668760300e-03,-2.392035163938999176e-02,9.850060194730758667e-02,0.000000000000000000e+00,0.000000000000000000e+00,-1.662713587284088135e-01,-1.208266780772481397e+00,-2.739053666591644287e-01,-6.885980367660522461e-01,2.432113438844680786e-01,1.365544290342603162e+00,-4.237141013145446777e-01,2.154209464788436890e-01,1.647638231515884399e-01,-2.333281636238098145e-01,1.625148504972457886e-01,3.362097144126892090e-01,-3.055921196937561035e-01,2.478588968515396118e-01,-4.454892277717590332e-01,1.160366460680961609e-01,-4.115837514400482178e-01,6.935192346572875977e-01,1.242725923657417297e-01,2.382518500089645386e-01
-3.085226606427117768e-01,-1.777906462607359739e+00,5.263845227372766500e-01,9.954029321670532227e-01,6.678665522485971451e-04,-3.737717121839523315e-02,8.817886561155319214e-02,0.000000000000000000e+00,0.000000000000000000e+00,-1.444648504257202148e-01,-1.213847116627965406e+00,-2.860295474529266357e-01,-6.835051774978637695e-01,2.277428209781646729e-01,1.346856267252240613e+00,-4.238578677177429199e-01,2.381367981433868408e-01,1.680098026990890503e-01,-1.955117136240005493e-01,1.765371412038803101e-01,3.450479507446289062e-01,-3.657084703445434570e-01,2.293347567319869995e-01,-4.657672941684722900e-01,1.131891161203384399e-01,-3.708719015121459961e-01,7.808322906494140625e-01,1.203943565487861633e-01,2.603697180747985840e-01
-3.147256649876333245e-01,-1.790041723934688855e+00,5.261477796823689213e-01,9.949456453323364258e-01,8.566464297473430634e-03,-4.826474562287330627e-02,8.763676136732101440e-02,0.000000000000000000e+00,0.000000000000000000e+00,-1.179954037070274353e-01,-1.223121629157338575e+00,-2.900412380695343018e-01,-6.727821230888366699e-01,2.084634006023406982e-01,1.333401651182446912e+00,-4.075785577297210693e-01,2.657846808433532715e-01,1.966304630041122437e-01,-1.894526779651641846e-01,1.818678975105285645e-01,3.017196655273437500e-01,-3.780011236667633057e-01,2.164161801338195801e-01,-4.648428559303283691e-01,-5.574513226747512817e-03,-3.755686879158020020e-01,9.226081967353820801e-01,-2.797186747193336487e-02,2.450870126485824585e-01
-3.204189576325242039e-01,-1.801487930940859128e+00,5.280139892284918535e-01,9.945217967033386230e-01,1.662030071020126343e-02,-5.361824482679367065e-02,8.817753195762634277e-02,0.000000000000000000e+00,0.000000000000000000e+00,-8.713053166866302490e-02,-1.237774566808019117e+00,-2.804554700851440430e-01,-6.583451032638549805e-01,1.822893619537353516e-01,1.331395403542790845e+00,-3.767138123512268066e-01,2.911784946918487549e-01,2.014629691839218140e-01,-1.836953461170196533e-01,1.842788755893707275e-01,2.827417850494384766e-01,-3.643064796924591064e-01,2.041195780038833618e-01,-4.525416195392608643e-01,-1.545910239219665527e-01,-4.054806828498840332e-01,1.031859159469604492e+00,-1.668434143066406250e-01,1.688628643751144409e-01
-3.255419826767209646e-01,-1.813174451661832443e+00,5.311371956156059060e-01,9.948053956031799316e-01,1.737016625702381134e-02,-5.301518365740776062e-02,8.514647185802459717e-02,0.000000000000000000e+00,0.000000000000000000e+00,-5.408785119652748108e-02,-1.256997571387563184e+00,-2.655546069145202637e-01,-6.379730105400085449e-01,1.529169827699661255e-01,1.339359224834714368e+00,-3.382230401039123535e-01,3.139802217483520508e-01,1.913668066263198853e-01,-1.601357907056808472e-01,1.899091005325317383e-01,2.677017450332641602e-01,-3.459287583827972412e-01,1.860978752374649048e-01,-4.399434626102447510e-01,-2.614722549915313721e-01,-4.262365400791168213e-01,1.084264636039733887e+00,-2.535827755928039551e-01,6.550052016973495483e-02
-3.298093987233711166e-01,-1.825156257652273073e+00,5.347445585729196926e-01,9.954952597618103027e-01,1.497963443398475647e-02,-4.856411740183830261e-02,8.003900200128555298e-02,0.000000000000000000e+00,0.000000000000000000e+00,-2.189738489687442780e-02,-1.273744599023137525e+00,-2.543519437313079834e-01,-6.148344874382019043e-01,1.174054369330406189e-01,1.352575273313794568e+00,-3.009003698825836182e-01,3.399051129817962646e-01,1.783464252948760986e-01,-1.303275823593139648e-01,1.979788243770599365e-01,2.445990294218063354e-01,-3.229651153087615967e-01,1.654419451951980591e-01,-4.344390630722045898e-01,-3.151355385780334473e-01,-4.032339751720428467e-01,1.080948829650878906e+00,-2.918533682823181152e-01,1.897543319500982761e-03
-3.333875528523566611e-01,-1.837482673841895453e+00,5.381283400937764139e-01,9.963303804397583008e-01,1.289332844316959381e-02,-4.221983626484870911e-02,7.332817465066909790e-02,0.000000000000000000e+00,0.000000000000000000e+00,7.534796372056007385e-03,-1.279542134204183057e+00,-2.509236633777618408e-01,-5.931834578514099121e-01,7.470710575580596924e-02,1.365893931188855603e+00,-2.727661430835723877e-01,3.707818686962127686e-01,1.657041013240814209e-01,-1.013020873069763184e-01,2.092758864164352417e-01,2.166102379560470581e-01,-2.981435358524322510e-01,1.422231048345565796e-01,-4.284745454788208008e-01,-3.417958021163940430e-01,-3.576279282569885254e-01,1.034956216812133789e+00,-3.001332283020019531e-01,-2.366528287529945374e-02
-3.367415857939707879e-01,-1.850790274155260429e+00,5.406513019447977131e-01,9.972171187400817871e-01,1.321402098983526230e-02,-3.525004163384437561e-02,6.435008347034454346e-02,0.000000000000000000e+00,0.000000000000000000e+00,2.945645153522491455e-02,-1.270723448195729688e+00,-2.556993663311004639e-01,-5.739364027976989746e-01,2.646857500076293945e-02,1.375490964451108411e+00,-2.542022466659545898e-01,4.012426435947418213e-01,1.535416990518569946e-01,-7.675502449274063110e-02,2.255803942680358887e-01,1.900641024112701416e-01,-2.746816873550415039e-01,1.157881841063499451e-01,-4.166004359722137451e-01,-3.665939867496490479e-01,-3.168942630290985107e-01,9.642431139945983887e-01,-2.937675714492797852e-01,-2.971432730555534363e-02
-3.398457555815276310e-01,-1.865154789797585311e+00,5.420177851828059667e-01,9.980690479278564453e-01,1.634909957647323608e-02,-2.853950113058090210e-02,5.269151926040649414e-02,0.000000000000000000e+00,0.000000000000000000e+00,4.517802968621253967e-02,-1.248404935994420484e+00,-2.669778466224670410e-01,-5.558067560195922852e-01,-2.658933587372303009e-02,1.380622387924466565e+00,-2.409069389104843140e-01,4.274796545505523682e-01,1.421912163496017456e-01,-5.717765539884567261e-02,2.484659701585769653e-01,1.696296483278274536e-01,-2.552199661731719971e-01,8.660023659467697144e-02,-4.009668827056884766e-01,-4.013699889183044434e-01,-2.942578494548797607e-01,8.864722251892089844e-01,-2.782673239707946777e-01,-3.431513160467147827e-02
-3.424863623722333994e-01,-1.879307224849859903e+00,5.422900687594606195e-01,9.987493157386779785e-01,2.221380174160003662e-02,-2.270716987550258636e-02,3.860940784215927124e-02,0.000000000000000000e+00,0.000000000000000000e+00,6.337895989418029785e-02,-1.216017232337270215e+00,-2.840556800365447998e-01,-5.364835858345031738e-01,-8.176728338003158569e-02,1.382964656749043897e+00,-2.287055402994155884e-01,4.488189816474914551e-01,1.333289444446563721e-01,-4.203200340270996094e-02,2.776586413383483887e-01,1.559411734342575073e-01,-2.401995211839675903e-01,5.540051311254501343e-02,-3.852050006389617920e-01,-4.459393322467803955e-01,-2.854989171028137207e-01,8.111722469329833984e-01,-2.611838877201080322e-01,-4.001418128609657288e-02
-3.444124842698526034e-01,-1.892440111944169612e+00,5.420160413721595294e-01,9.991844892501831055e-01,2.880632132291793823e-02,-1.706815138459205627e-02,2.256647869944572449e-02,0.000000000000000000e+00,0.000000000000000000e+00,8.892373740673065186e-02,-1.180310712256703809e+00,-3.067774772644042969e-01,-5.123668909072875977e-01,-1.352628022432327271e-01,1.385532752671513990e+00,-2.149103283882141113e-01,4.662076234817504883e-01,1.262811869382858276e-01,-2.762043289840221405e-02,3.076922297477722168e-01,1.470871865749359131e-01,-2.269793599843978882e-01,2.339427918195724487e-02,-3.700643181800842285e-01,-4.917185902595520020e-01,-2.898128628730773926e-01,7.372288107872009277e-01,-2.463172227144241333e-01,-4.723827913403511047e-02
-3.457514194515768913e-01,-1.905445451745481300e+00,5.418600118386023290e-01,9.993722438812255859e-01,3.325194492936134338e-02,-1.096482109278440475e-02,5.410623736679553986e-03,0.000000000000000000e+00,0.000000000000000000e+00,1.211937516927719116e-01,-1.149320767321858838e+00,-3.313526809215545654e-01,-4.809080660343170166e-01,-1.844421476125717163e-01,1.388958961763654187e+00,-1.995242536067962646e-01,4.796434938907623291e-01,1.191422864794731140e-01,-7.395504508167505264e-03,3.348287343978881836e-01,1.409236341714859009e-01,-2.128595262765884399e-01,-8.575098589062690735e-03,-3.540858030319213867e-01,-5.231885910034179688e-01,-3.027075231075286865e-01,6.609367728233337402e-01,-2.325359284877777100e-01,-5.438493937253952026e-02
-3.466848978983482765e-01,-1.919585597084628281e+00,5.419340407524747549e-01,9.993363618850708008e-01,3.404485434293746948e-02,-4.505840130150318146e-03,-1.214177440851926804e-02,0.000000000000000000e+00,0.000000000000000000e+00,1.592069268226623535e-01,-1.126625285544667676e+00,-3.524450361728668213e-01,-4.425752758979797363e-01,-2.277806699275970459e-01,1.392888889708791211e+00,-1.818786412477493286e-01,4.894158244132995605e-01,1.124302595853805542e-01,2.317267283797264099e-02,3.581213057041168213e-01,1.364671587944030762e-01,-1.980061680078506470e-01,-4.322909936308860779e-02,-3.356026709079742432e-01,-5.277234911918640137e-01,-3.146092295646667480e-01,5.793763995170593262e-01,-2.118260860443115234e-01,-5.088711529970169067e-02
-3.473232156335555043e-01,-1.935400464953196176e+00,5.419528074765747050e-01,9.990594983100891113e-01,3.167103603482246399e-02,2.697469666600227356e-03,-2.949324622750282288e-02,0.000000000000000000e+00,0.000000000000000000e+00,1.980037838220596313e-01,-1.112538919844899610e+00,-3.651035428047180176e-01,-4.027677178382873535e-01,-2.668829262256622314e-01,1.397809133925710157e+00,-1.611929684877395630e-01,4.969270229339599609e-01,1.058700159192085266e-01,6.666715443134307861e-02,3.832088410854339600e-01,1.343036741018295288e-01,-1.809627860784530640e-01,-8.482739329338073730e-02,-3.153498768806457520e-01,-5.085018873214721680e-01,-3.258305490016937256e-01,4.947526752948760986e-01,-1.884322613477706909e-01,-3.968688473105430603e-02
-3.478574444808893440e-01,-1.953466841482152772e+00,5.416650787199085437e-01,9.986314773559570312e-01,2.699139527976512909e-02,1.030711922794580460e-02,-4.359383508563041687e-02,0.000000000000000000e+00,0.000000000000000000e+00,2.252714037895202637e-01,-1.106630102792058423e+00,-3.692885935306549072e-01,-3.698841333389282227e-01,-3.004092872142791748e-01,1.404246092834744886e+00,-1.401043534278869629e-01,5.045772790908813477e-01,9.855351597070693970e-02,1.203481629490852356e-01,4.070737957954406738e-01,1.364332288503646851e-01,-1.622292101383209229e-01,-1.302178949117660522e-01,-2.902932465076446533e-01,-4.635391831398010254e-01,-3.295609354972839355e-01,4.109501838684082031e-01,-1.512249112129211426e-01,8.438007906079292297e-03
-3.486992275511676675e-01,-1.972786270518495533e+00,5.407553908326709902e-01,9.982771277427673340e-01,1.941831968724727631e-02,1.825758442282676697e-02,-5.227224901318550110e-02,0.000000000000000000e+00,0.000000000000000000e+00,2.389565706253051758e-01,-1.106481508412633374e+00,-3.668394982814788818e-01,-3.450326323509216309e-01,-3.310217857360839844e-01,1.410808489718709424e+00,-1.192693710327148438e-01,5.129679441452026367e-01,8.507223427295684814e-02,1.832809597253799438e-01,4.187092185020446777e-01,1.445118486881256104e-01,-1.436049342155456543e-01,-1.758476942777633667e-01,-2.695096135139465332e-01,-3.966370522975921631e-01,-3.330174088478088379e-01,3.470454812049865723e-01,-1.009878218173980713e-01,8.700163662433624268e-02
-3.498603148066034008e-01,-1.993190017622528565e+00,5.403362950073047344e-01,9.980847835540771484e-01,8.024671114981174469e-03,2.785674296319484711e-02,-5.464737862348556519e-02,0.000000000000000000e+00,0.000000000000000000e+00,2.355371862649917603e-01,-1.115763739743504956e+00,-3.586431145668029785e-01,-3.234029412269592285e-01,-3.616833090782165527e-01,1.414226145544324353e+00,-9.444935619831085205e-02,5.187822580337524414e-01,6.295201927423477173e-02,2.579209804534912109e-01,4.180245995521545410e-01,1.570528596639633179e-01,-1.219540238380432129e-01,-2.148431092500686646e-01,-2.778266072273254395e-01,-3.278560638427734375e-01,-3.563515841960906982e-01,3.412054777145385742e-01,-8.928398042917251587e-02,1.129728928208351135e-01
-3.512218157284789366e-01,-2.014622613007974294e+00,5.405481264815487075e-01,9.979505538940429688e-01,-7.400447502732276917e-03,3.918170928955078125e-02,-5.004661157727241516e-02,0.000000000000000000e+00,0.000000000000000000e+00,2.119321078062057495e-01,-1.131349728503499463e+00,-3.439876735210418701e-01,-3.181354999542236328e-01,-3.808663487434387207e-01,1.411529154577527478e+00,-7.941374182701110840e-02,5.170846581459045410e-01,2.015824988484382629e-02,3.440469205379486084e-01,3.967555463314056396e-01,1.816123127937316895e-01,-9.435941278934478760e-02,-2.414158731698989868e-01,-3.016104698181152344e-01,-2.619476318359375000e-01,-4.017279148101806641e-01,3.711260855197906494e-01,-1.116194725036621094e-01,8.833813667297363281e-02
-3.527321218255192181e-01,-2.036137416609610007e+00,5.408284648026179253e-01,9.978672862052917480e-01,-1.865764334797859192e-02,4.956403747200965881e-02,-3.816093876957893372e-02,0.000000000000000000e+00,0.000000000000000000e+00,1.753352433443069458e-01,-1.150054440894399121e+00,-3.276848495006561279e-01,-3.250031471252441406e-01,-3.859097659587860107e-01,1.403929174938474134e+00,-7.121797651052474976e-02,5.096526145935058594e-01,-4.031851142644882202e-02,4.167309999465942383e-01,3.718697726726531982e-01,2.346176505088806152e-01,-9.384993463754653931e-02,-2.350050061941146851e-01,-3.111172020435333252e-01,-2.079471498727798462e-01,-4.530467391014099121e-01,3.848756849765777588e-01,-1.347401440143585205e-01,5.734422430396080017e-02
-3.535302058313832263e-01,-2.056686979499128043e+00,5.412790737775239336e-01,9.980555176734924316e-01,-1.954799890518188477e-02,5.532654747366905212e-02,-2.102408558130264282e-02,0.000000000000000000e+00,0.000000000000000000e+00,1.288536936044692993e-01,-1.172040985026631787e+00,-3.042577803134918213e-01,-3.519816100597381592e-01,-3.693210482597351074e-01,1.390021086731229261e+00,-7.069304585456848145e-02,4.915740489959716797e-01,-7.710839062929153442e-02,4.420363903045654297e-01,3.806720674037933350e-01,2.707320451736450195e-01,-1.269538700580596924e-01,-2.078469842672348022e-01,-3.083684146404266357e-01,-1.822841316461563110e-01,-4.988941252231597900e-01,3.958591520786285400e-01,-1.640750467777252197e-01,2.634173445403575897e-02
-3.531843915724693916e-01,-2.075595201377314680e+00,5.421828244047032230e-01,9.983216524124145508e-01,-1.473853550851345062e-02,5.590225011110305786e-02,-3.404772141948342323e-03,0.000000000000000000e+00,0.000000000000000000e+00,7.575811445713043213e-02,-1.197505221762929395e+00,-2.715846598148345947e-01,-3.947100341320037842e-01,-3.312177956104278564e-01,1.370713920393262342e+00,-7.691356539726257324e-02,4.669389128684997559e-01,-6.618945300579071045e-02,4.288641512393951416e-01,4.373895227909088135e-01,2.864497601985931396e-01,-1.756239235401153564e-01,-2.009566128253936768e-01,-2.935077250003814697e-01,-1.702602505683898926e-01,-5.365980267524719238e-01,4.000062346458435059e-01,-1.957351267337799072e-01,-2.666135085746645927e-03
-3.518320248968372366e-01,-2.092680061628120036e+00,5.433955201514140132e-01,9.984797835350036621e-01,-8.183758705854415894e-03,5.299397557973861694e-02,1.276100985705852509e-02,0.000000000000000000e+00,0.000000000000000000e+00,2.558902092278003693e-02,-1.222185329594884351e+00,-2.399041801691055298e-01,-4.438743293285369873e-01,-2.780401110649108887e-01,1.350458473959241346e+00,-8.732586354017257690e-02,4.393892586231231689e-01,-3.632534295320510864e-02,4.015876948833465576e-01,5.117996335029602051e-01,3.367590904235839844e-01,-2.257541716098785400e-01,-1.790717095136642456e-01,-2.673571407794952393e-01,-1.580752134323120117e-01,-5.688437223434448242e-01,3.899280130863189697e-01,-2.216462194919586182e-01,-2.547246217727661133e-02
-3.498158891544197457e-01,-2.107697758915448638e+00,5.442156093868643074e-01,9.985085129737854004e-01,-4.650323651731014252e-03,4.805474728345870972e-02,2.549261413514614105e-02,0.000000000000000000e+00,0.000000000000000000e+00,-1.377639640122652054e-02,-1.244124994674001172e+00,-2.193087339401245117e-01,-4.888612329959869385e-01,-2.145511507987976074e-01,1.332109765210423902e+00,-1.028151214122772217e-01,4.142718315124511719e-01,-4.297291859984397888e-03,3.641851544380187988e-01,5.455480217933654785e-01,4.103452861309051514e-01,-2.811148166656494141e-01,-1.606451272964477539e-01,-2.343629747629165649e-01,-1.336993724107742310e-01,-5.976880192756652832e-01,3.672991394996643066e-01,-2.400044649839401245e-01,-4.554714635014533997e-02
-3.475363549657843332e-01,-2.121522025411779033e+00,5.444445052938630125e-01,9.984101653099060059e-01,-3.251435700803995132e-03,4.306857287883758545e-02,3.621617704629898071e-02,0.000000000000000000e+00,0.000000000000000000e+00,-4.159653186798095703e-02,-1.261629507937703565e+00,-2.102468758821487427e-01,-5.257839560508728027e-01,-1.468307822942733765e-01,1.317163870730672315e+00,-1.248845160007476807e-01,3.915815651416778564e-01,2.421101555228233337e-02,3.110113441944122314e-01,5.410863757133483887e-01,4.741092920303344727e-01,-3.283411562442779541e-01,-1.541173905134201050e-01,-2.041812539100646973e-01,-1.036323010921478271e-01,-6.236211657524108887e-01,3.445054888725280762e-01,-2.535080611705780029e-01,-6.360651552677154541e-02
-3.452762310504160492e-01,-2.134843742287520385e+00,5.439853433429291396e-01,9.981717467308044434e-01,-2.452806569635868073e-03,3.874604776501655579e-02,4.632402211427688599e-02,0.000000000000000000e+00,0.000000000000000000e+00,-6.087063625454902649e-02,-1.274434641995702222e+00,-2.097449302673339844e-01,-5.545861124992370605e-01,-8.091496676206588745e-02,1.306535408892903760e+00,-1.529068499803543091e-01,3.700438141822814941e-01,5.451678857207298279e-02,2.422842532396316528e-01,5.298624038696289062e-01,5.036344528198242188e-01,-3.580422401428222656e-01,-1.586648821830749512e-01,-1.810325682163238525e-01,-7.565002888441085815e-02,-6.469613909721374512e-01,3.306617438793182373e-01,-2.660632431507110596e-01,-8.013662695884704590e-02
-3.430552183166898916e-01,-2.147620559855543121e+00,5.429024784507775481e-01,9.977679252624511719e-01,-1.972565427422523499e-03,3.529419377446174622e-02,5.665351077914237976e-02,0.000000000000000000e+00,0.000000000000000000e+00,-7.574006915092468262e-02,-1.282941834130559400e+00,-2.146716266870498657e-01,-5.766614675521850586e-01,-1.838783174753189087e-02,1.300309226908956006e+00,-1.864248067140579224e-01,3.482900261878967285e-01,8.682695031166076660e-02,1.569878160953521729e-01,5.106369853019714355e-01,4.895825982093811035e-01,-3.696777522563934326e-01,-1.775105446577072144e-01,-1.644770652055740356e-01,-5.045839771628379822e-02,-6.690378189086914062e-01,3.256478607654571533e-01,-2.780196070671081543e-01,-9.644295275211334229e-02
-3.411702628061175080e-01,-2.160382928706780614e+00,5.412314511391550509e-01,9.971205592155456543e-01,-1.574849127791821957e-03,3.308198973536491394e-02,6.821759045124053955e-02,0.000000000000000000e+00,0.000000000000000000e+00,-8.956655114889144897e-02,-1.288227246203694776e+00,-2.238077223300933838e-01,-5.925714373588562012e-01,3.944481536746025085e-02,1.299585686126027539e+00,-2.252800613641738892e-01,3.250402212142944336e-01,1.224778816103935242e-01,5.435750260949134827e-02,4.739037454128265381e-01,4.260019958019256592e-01,-3.590682446956634521e-01,-2.043873220682144165e-01,-1.536721289157867432e-01,-2.837580256164073944e-02,-6.914225816726684570e-01,3.262665867805480957e-01,-2.884050607681274414e-01,-1.121450439095497131e-01
-3.400519819501223173e-01,-2.173283473792100295e+00,5.390734024255564583e-01,9.962641596794128418e-01,-3.523635677993297577e-03,3.249727562069892883e-02,7.993242889642715454e-02,0.000000000000000000e+00,0.000000000000000000e+00,-1.027849614620208740e-01,-1.291037009158406690e+00,-2.351486831903457642e-01,-6.036037206649780273e-01,9.132942557334899902e-02,1.304091141619954541e+00,-2.657344341278076172e-01,3.007766008377075195e-01,1.612792164087295532e-01,-5.876188352704048157e-02,3.980134725570678711e-01,3.150949180126190186e-01,-3.205670118331909180e-01,-2.368116825819015503e-01,-1.489579230546951294e-01,-2.177724149078130722e-03,-7.149918675422668457e-01,3.253848254680633545e-01,-2.930142283439636230e-01,-1.277834326028823853e-01
-3.397478738291697109e-01,-2.186782727199371390e+00,5.362194487061163750e-01,9.952785372734069824e-01,-1.157379616051912308e-02,3.336866199970245361e-02,9.040591120719909668e-02,0.000000000000000000e+00,0.000000000000000000e+00,-1.140028908848762512e-01,-1.291138754287038282e+00,-2.446363121271133423e-01,-6.119828224182128906e-01,1.360672712326049805e-01,1.312798903384480909e+00,-3.060546517372131348e-01,2.782666385173797607e-01,1.962024867534637451e-01,-1.646824181079864502e-01,2.621368467807769775e-01,1.792748123407363892e-01,-2.545250952243804932e-01,-2.593793570995330811e-01,-1.473886221647262573e-01,4.444380849599838257e-02,-7.403588891029357910e-01,3.074201047420501709e-01,-2.803125977516174316e-01,-1.472025066614151001e-01
-3.403878108171200512e-01,-2.201480891945386098e+00,5.334489903012008538e-01,9.941995143890380859e-01,-2.536902017891407013e-02,3.459961712360382080e-02,9.862340241670608521e-02,0.000000000000000000e+00,0.000000000000000000e+00,-1.229658350348472595e-01,-1.288228080668721631e+00,-2.425789833068847656e-01,-6.188933849334716797e-01,1.661441326141357422e-01,1.325028435387883619e+00,-3.400517702102661133e-01,2.659597694873809814e-01,1.938578486442565918e-01,-2.312715053558349609e-01,9.578799456357955933e-02,1.118921637535095215e-01,-2.072056233882904053e-01,-2.648957967758178711e-01,-1.438895612955093384e-01,1.128940954804420471e-01,-7.650537490844726562e-01,2.636395096778869629e-01,-2.433142662048339844e-01,-1.702924072742462158e-01
-3.419599806728085833e-01,-2.217380459188210917e+00,5.314970433982936227e-01,9.932386875152587891e-01,-3.608959913253784180e-02,3.316246718168258667e-02,1.052366122603416443e-01,0.000000000000000000e+00,0.000000000000000000e+00,-1.260136067867279053e-01,-1.279676691689763501e+00,-2.364758402109146118e-01,-6.220969557762145996e-01,1.866042912006378174e-01,1.338877216973576978e+00,-3.725439310073852539e-01,2.577476203441619873e-01,1.705471277236938477e-01,-2.531665265560150146e-01,-1.220191735774278641e-02,1.033029407262802124e-01,-1.876333355903625488e-01,-2.548002898693084717e-01,-1.434602588415145874e-01,1.753156781196594238e-01,-7.686369419097900391e-01,2.223731875419616699e-01,-1.943738311529159546e-01,-1.924557387828826904e-01
-3.440903775318704394e-01,-2.234137649114685598e+00,5.308042523400350321e-01,9.928994774818420410e-01,-3.556513041257858276e-02,2.896111086010932922e-02,1.097590625286102295e-01,0.000000000000000000e+00,0.000000000000000000e+00,-1.288678944110870361e-01,-1.266780869164739087e+00,-2.300343364477157593e-01,-6.233122944831848145e-01,1.980976611375808716e-01,1.355759949484143689e+00,-4.024375975131988525e-01,2.491394579410552979e-01,1.516563445329666138e-01,-2.560189068317413330e-01,-5.360750854015350342e-02,1.040554419159889221e-01,-1.767652332782745361e-01,-2.178981006145477295e-01,-1.544582396745681763e-01,2.019512653350830078e-01,-7.504481673240661621e-01,2.226211279630661011e-01,-1.559076458215713501e-01,-1.941741555929183960e-01
-3.467655699003976966e-01,-2.252558600475089712e+00,5.304634203972539153e-01,9.932713508605957031e-01,-2.424546517431735992e-02,2.295894362032413483e-02,1.108920946717262268e-01,0.000000000000000000e+00,0.000000000000000000e+00,-1.334473043680191040e-01,-1.248846606412206128e+00,-2.291567027568817139e-01,-6.207903623580932617e-01,2.000716775655746460e-01,1.373094351091657117e+00,-4.316990971565246582e-01,2.414118796586990356e-01,1.388879865407943726e-01,-2.536185979843139648e-01,-3.985359892249107361e-02,1.130342036485671997e-01,-1.788311749696731567e-01,-1.141943633556365967e-01,-1.855517774820327759e-01,1.908448934555053711e-01,-7.060937881469726562e-01,2.850705683231353760e-01,-1.291114687919616699e-01,-1.691227108240127563e-01
-3.500067949009061929e-01,-2.269936919146113841e+00,5.303413121327005264e-01,9.938281774520874023e-01,1.352605991996824741e-03,1.663702726364135742e-02,1.096668019890785217e-01,0.000000000000000000e+00,0.000000000000000000e+00,-1.338545531034469604e-01,-1.231075481572423413e+00,-2.290018498897552490e-01,-6.102212071418762207e-01,1.913859397172927856e-01,1.387434096136365369e+00,-4.497768878936767578e-01,2.482225745916366577e-01,1.355639845132827759e-01,-2.788368165493011475e-01,-2.553062804508954287e-04,1.148875355720520020e-01,-1.815674901008605957e-01,1.073219329118728638e-01,-2.535032033920288086e-01,1.340595036745071411e-01,-6.217542290687561035e-01,4.306775629520416260e-01,-1.148965880274772644e-01,-7.571341842412948608e-02
-3.539628369489101201e-01,-2.287677950431602270e+00,5.298146397981680078e-01,9.945065379142761230e-01,2.356782183051109314e-02,9.017080068588256836e-03,1.015874966979026794e-01,0.000000000000000000e+00,0.000000000000000000e+00,-1.280865669250488281e-01,-1.218712464967046216e+00,-2.283252924680709839e-01,-5.890708565711975098e-01,1.716028451919555664e-01,1.393763438859258130e+00,-4.587227106094360352e-01,2.621009647846221924e-01,1.452691107988357544e-01,-3.007338047027587891e-01,1.549256872385740280e-02,1.086118817329406738e-01,-1.780203580856323242e-01,1.882645189762115479e-01,-3.265245854854583740e-01,1.182858124375343323e-01,-4.948315024375915527e-01,5.393896102905273438e-01,-4.878555238246917725e-02,1.131028234958648682e-01
-3.580069829538615189e-01,-2.304783072101347141e+00,5.299643168786559722e-01,9.960536956787109375e-01,2.846228890120983124e-02,2.875927835702896118e-03,8.401601761579513550e-02,0.000000000000000000e+00,0.000000000000000000e+00,-1.144514381885528564e-01,-1.213342354693685010e+00,-2.279975861310958862e-01,-5.549142360687255859e-01,1.468293964862823486e-01,1.388177544870648816e+00,-4.655567705631256104e-01,2.763984501361846924e-01,1.419215053319931030e-01,-2.842666804790496826e-01,3.283084556460380554e-02,1.216240152716636658e-01,-1.998436450958251953e-01,2.040741741657257080e-01,-3.914471268653869629e-01,1.795949488878250122e-01,-3.557764887809753418e-01,5.910581946372985840e-01,7.220934331417083740e-02,2.462657392024993896e-01
-3.614274260175950326e-01,-2.320805536475446296e+00,5.304940616414703936e-01,9.974061250686645508e-01,2.701571770012378693e-02,-4.282114561647176743e-03,6.657989323139190674e-02,0.000000000000000000e+00,0.000000000000000000e+00,-9.185789525508880615e-02,-1.210793689885411695e+00,-2.316458225250244141e-01,-5.185393095016479492e-01,1.265501081943511963e-01,1.379347981014523938e+00,-4.766849577426910400e-01,2.932366430759429932e-01,1.285080462694168091e-01,-2.517838180065155029e-01,5.314966663718223572e-02,1.506763249635696411e-01,-2.280856221914291382e-01,1.966914236545562744e-01,-4.309810698032379150e-01,1.949700713157653809e-01,-3.020317852497100830e-01,6.667108535766601562e-01,1.020918786525726318e-01,2.668152451515197754e-01
-3.644180197569757973e-01,-2.334405598745803445e+00,5.324481260287340367e-01,9.977124333381652832e-01,3.265925869345664978e-02,-1.151455473154783249e-02,5.805739387869834900e-02,0.000000000000000000e+00,0.000000000000000000e+00,-6.123024597764015198e-02,-1.214090243974004224e+00,-2.459688335657119751e-01,-4.871437847614288330e-01,1.138615533709526062e-01,1.367547676959310010e+00,-4.826346337795257568e-01,3.126344680786132812e-01,1.400643885135650635e-01,-2.376886904239654541e-01,6.244727969169616699e-02,1.388834267854690552e-01,-2.223064750432968140e-01,1.902878433465957642e-01,-4.623692929744720459e-01,1.031185537576675415e-01,-3.196761012077331543e-01,8.062292933464050293e-01,-2.584751881659030914e-02,2.577686607837677002e-01
-3.665091808764922576e-01,-2.346998402771323544e+00,5.354308726202057223e-01,9.979862570762634277e-01,3.352895751595497131e-02,-1.629780232906341553e-02,5.131972581148147583e-02,0.000000000000000000e+00,0.000000000000000000e+00,-2.427561953663825989e-02,-1.222134457030568555e+00,-2.626268267631530762e-01,-4.609311521053314209e-01,9.908373653888702393e-02,1.356953308978352979e+00,-4.814027249813079834e-01,3.317295014858245850e-01,1.476664394140243530e-01,-2.123130410909652710e-01,6.749822944402694702e-02,1.320500224828720093e-01,-2.128533422946929932e-01,1.735250055789947510e-01,-4.649402797222137451e-01,-2.473857626318931580e-02,-3.819006383419036865e-01,8.976345658302307129e-01,-1.393224149942398071e-01,2.020852565765380859e-01
-3.677506079795685445e-01,-2.359591871105661376e+00,5.382215094054587645e-01,9.984762072563171387e-01,2.937637642025947571e-02,-1.833389885723590851e-02,4.296766594052314758e-02,0.000000000000000000e+00,0.000000000000000000e+00,1.553675066679716110e-02,-1.230201796689305738e+00,-2.813517153263092041e-01,-4.359171390533447266e-01,7.719376683235168457e-02,1.349888653555188611e+00,-4.724845886230468750e-01,3.509213924407958984e-01,1.474472433328628540e-01,-1.745136976242065430e-01,7.554048299789428711e-02,1.336875855922698975e-01,-2.111658006906509399e-01,1.469580978155136108e-01,-4.418047666549682617e-01,-1.457183957099914551e-01,-4.679066538810729980e-01,9.329242706298828125e-01,-2.093630135059356689e-01,1.106910035014152527e-01
-3.684460562730979549e-01,-2.371805354796274745e+00,5.402460735660008506e-01,9.989359974861145020e-01,2.473102696239948273e-02,-1.883487589657306671e-02,3.406634926795959473e-02,0.000000000000000000e+00,0.000000000000000000e+00,5.615474283695220947e-02,-1.235462025800023511e+00,-3.070347607135772705e-01,-4.093229472637176514e-01,4.815107211470603943e-02,1.347208336987767652e+00,-4.564874172210693359e-01,3.715149760246276855e-01,1.462648361921310425e-01,-1.349257528781890869e-01,8.425217866897583008e-02,1.356426626443862915e-01,-2.133569866418838501e-01,1.146910563111305237e-01,-4.064590334892272949e-01,-2.565225660800933838e-01,-5.577371716499328613e-01,9.365437626838684082e-01,-2.589565515518188477e-01,1.374153140932321548e-02
-3.685854365669115618e-01,-2.384008541700213701e+00,5.411216325877290512e-01,9.991888403892517090e-01,2.310520969331264496e-02,-1.968802697956562042e-02,2.645929716527462006e-02,0.000000000000000000e+00,0.000000000000000000e+00,9.721215069293975830e-02,-1.238275007405553296e+00,-3.395547866821289062e-01,-3.828840553760528564e-01,1.695871911942958832e-02,1.348962337770734266e+00,-4.374964833259582520e-01,3.907272517681121826e-01,1.494445651769638062e-01,-1.020011231303215027e-01,9.086681902408599854e-02,1.329347938299179077e-01,-2.161079049110412598e-01,8.160388469696044922e-02,-3.837553262710571289e-01,-3.387036621570587158e-01,-5.884273648262023926e-01,9.199499487876892090e-01,-2.873078584671020508e-01,-4.640784114599227905e-02
-3.682205234294889107e-01,-2.396355883617593552e+00,5.409677620578293711e-01,9.992835521697998047e-01,2.442358434200286865e-02,-2.055883780121803284e-02,2.032703720033168793e-02,0.000000000000000000e+00,0.000000000000000000e+00,1.368395090103149414e-01,-1.239478574195180371e+00,-3.734747469425201416e-01,-3.573007285594940186e-01,-1.431473623961210251e-02,1.353503734865460828e+00,-4.186608493328094482e-01,4.075197875499725342e-01,1.554927676916122437e-01,-7.580666244029998779e-02,9.640128165483474731e-02,1.284722387790679932e-01,-2.207241058349609375e-01,4.928670823574066162e-02,-3.800256252288818359e-01,-3.992693722248077393e-01,-5.604435205459594727e-01,8.925746083259582520e-01,-2.969281077384948730e-01,-7.542120665311813354e-02
-3.673653919039049365e-01,-2.409030895859304078e+00,5.402049279386046399e-01,9.992815852165222168e-01,2.776065282523632050e-02,-2.066194638609886169e-02,1.545294001698493958e-02,0.000000000000000000e+00,0.000000000000000000e+00,1.729127615690231323e-01,-1.239814565577779248e+00,-4.058450460433959961e-01,-3.331429660320281982e-01,-4.289336875081062317e-02,1.359062553444180921e+00,-4.015280604362487793e-01,4.211867153644561768e-01,1.601071506738662720e-01,-5.397523567080497742e-02,1.001246348023414612e-01,1.260753422975540161e-01,-2.252897620201110840e-01,1.713909953832626343e-02,-3.841367959976196289e-01,-4.555003046989440918e-01,-5.132709741592407227e-01,8.607544302940368652e-01,-3.009005188941955566e-01,-9.791068732738494873e-02
-3.660597759613183899e-01,-2.422195005468045892e+00,5.391916078758058894e-01,9.992136955261230469e-01,3.224271535873413086e-02,-1.969404518604278564e-02,1.202350202947854996e-02,0.000000000000000000e+00,0.000000000000000000e+00,2.034398615360260010e-01,-1.240680501857076123e+00,-4.354810714721679688e-01,-3.114418089389801025e-01,-6.602528691291809082e-02,1.364063591757092908e+00,-3.868803381919860840e-01,4.299584031105041504e-01,1.616562157869338989e-01,-3.452010080218315125e-02,1.003834456205368042e-01,1.260882616043090820e-01,-2.269447892904281616e-01,-1.418677624315023422e-02,-3.941116333007812500e-01,-5.049703717231750488e-01,-4.481516480445861816e-01,8.247233033180236816e-01,-2.987993955612182617e-01,-1.148401647806167603e-01
-3.642444690783517292e-01,-2.436291970734042245e+00,5.382195995176078940e-01,9.991050362586975098e-01,3.704292699694633484e-02,-1.756033115088939667e-02,1.042505446821451187e-02,0.000000000000000000e+00,0.000000000000000000e+00,2.275135219097137451e-01,-1.242771134772572950e+00,-4.625511169433593750e-01,-2.930320203304290771e-01,-8.394359052181243896e-02,1.367447719970021680e+00,-3.745348751544952393e-01,4.330565631389617920e-01,1.594727635383605957e-01,-1.380534470081329346e-02,9.569213539361953735e-02,1.287052631378173828e-01,-2.238111495971679688e-01,-4.623912274837493896e-02,-4.048710167407989502e-01,-5.418928265571594238e-01,-3.630086183547973633e-01,7.811383008956909180e-01,-2.879693508148193359e-01,-1.219137907028198242e-01
-3.620806076625983083e-01,-2.452200506145906012e+00,5.373069637599918735e-01,9.990331530570983887e-01,4.017231613397598267e-02,-1.419983338564634323e-02,1.083460357040166855e-02,0.000000000000000000e+00,0.000000000000000000e+00,2.447626292705535889e-01,-1.245093450942311719e+00,-4.862676858901977539e-01,-2.784291803836822510e-01,-9.744700789451599121e-02,1.368711755671773389e+00,-3.646562099456787109e-01,4.313817322254180908e-01,1.516406983137130737e-01,1.391765382140874863e-02,8.483389019966125488e-02,1.367818564176559448e-01,-2.175126075744628906e-01,-8.079382032155990601e-02,-4.066771268844604492e-01,-5.594397187232971191e-01,-2.725267410278320312e-01,7.301230430603027344e-01,-2.753513455390930176e-01,-1.247956529259681702e-01
-3.597493819440856222e-01,-2.470163416576506066e+00,5.362461871360287846e-01,9.990797042846679688e-01,3.984995931386947632e-02,-8.990164846181869507e-03,1.307584624737501144e-02,0.000000000000000000e+00,0.000000000000000000e+00,2.575760781764984131e-01,-1.245917723574910596e+00,-5.081412196159362793e-01,-2.667664587497711182e-01,-1.076764464378356934e-01,1.368355424204144910e+00,-3.573949635028839111e-01,4.270901381969451904e-01,1.349128186702728271e-01,5.282617732882499695e-02,6.874554604291915894e-02,1.539851725101470947e-01,-2.108063846826553345e-01,-1.192121803760528564e-01,-3.901131451129913330e-01,-5.602238774299621582e-01,-2.106127291917800903e-01,6.740958094596862793e-01,-2.665927708148956299e-01,-1.266742050647735596e-01
-3.573912517184560933e-01,-2.489981243303327929e+00,5.348420458919170839e-01,9.992684125900268555e-01,3.460191190242767334e-02,-8.857466164045035839e-04,1.626442372798919678e-02,0.000000000000000000e+00,0.000000000000000000e+00,2.684366703033447266e-01,-1.243833527961049512e+00,-5.303512811660766602e-01,-2.548643052577972412e-01,-1.161200925707817078e-01,1.367144436636243299e+00,-3.536868393421173096e-01,4.213164150714874268e-01,1.056773215532302856e-01,1.081203892827033997e-01,5.285530164837837219e-02,1.822813898324966431e-01,-2.057047635316848755e-01,-1.629191040992736816e-01,-3.531214296817779541e-01,-5.415641665458679199e-01,-1.958484351634979248e-01,6.076925992965698242e-01,-2.666481733322143555e-01,-1.094983071088790894e-01
-3.551738719235766895e-01,-2.511342259413666067e+00,5.335735482045195210e-01,9.994956851005554199e-01,2.349491231143474579e-02,9.664365090429782867e-03,1.905198767781257629e-02,0.000000000000000000e+00,0.000000000000000000e+00,2.752172350883483887e-01,-1.238807634511266187e+00,-5.578831434249877930e-01,-2.392575591802597046e-01,-1.280180215835571289e-01,1.366387815275464490e+00,-3.532006740570068359e-01,4.152424633502960205e-01,6.474268436431884766e-02,1.824894398450851440e-01,3.813441470265388489e-02,2.158899456262588501e-01,-1.984990984201431274e-01,-2.089722305536270142e-01,-2.904480397701263428e-01,-4.941928088665008545e-01,-2.358928322792053223e-01,5.105947852134704590e-01,-2.519797086715698242e-01,-4.967746324837207794e-03
-3.540141548050774190e-01,-2.534132203790876670e+00,5.324309370380760909e-01,9.994596838951110840e-01,9.080627933144569397e-03,2.145233936607837677e-02,2.318724989891052246e-02,0.000000000000000000e+00,0.000000000000000000e+00,2.806066572666168213e-01,-1.234694973626409009e+00,-5.810025334358215332e-01,-2.208172976970672607e-01,-1.469331532716751099e-01,1.364104599752698377e+00,-3.506281375885009766e-01,4.114695191383361816e-01,2.201976999640464783e-02,2.632079124450683594e-01,2.084722556173801422e-02,2.415089905261993408e-01,-1.741067022085189819e-01,-2.466370314359664917e-01,-2.564293146133422852e-01,-4.228282868862152100e-01,-2.924588918685913086e-01,4.423660337924957275e-01,-2.096869647502899170e-01,1.062980666756629944e-01
-3.542802935251683771e-01,-2.557966607706715134e+00,5.322106771457074670e-01,9.990054965019226074e-01,-6.355311255902051926e-03,3.319378569722175598e-02,2.908403985202312469e-02,0.000000000000000000e+00,0.000000000000000000e+00,2.784493863582611084e-01,-1.236552880206380323e+00,-5.850603580474853516e-01,-2.029449641704559326e-01,-1.602510660886764526e-01,1.355659619965825513e+00,-3.511374592781066895e-01,3.992180526256561279e-01,-2.089576050639152527e-02,3.411290049552917480e-01,1.022372301667928696e-02,2.495331317186355591e-01,-1.276742517948150635e-01,-2.657023370265960693e-01,-2.809731066226959229e-01,-3.543485999107360840e-01,-3.349844515323638916e-01,4.645970165729522705e-01,-2.034172117710113525e-01,1.332527101039886475e-01
-3.552757187691902852e-01,-2.582891806701216986e+00,5.338716152671612036e-01,9.981415867805480957e-01,-1.320065557956695557e-02,4.259539768099784851e-02,4.152989014983177185e-02,0.000000000000000000e+00,0.000000000000000000e+00,2.567639350891113281e-01,-1.238346354165349439e+00,-5.626942515373229980e-01,-1.957350224256515503e-01,-1.662012934684753418e-01,1.350312561788831189e+00,-3.521175682544708252e-01,3.755736052989959717e-01,-8.023562282323837280e-02,3.997721970081329346e-01,3.457904979586601257e-02,2.826780080795288086e-01,-7.794475555419921875e-02,-2.469205260276794434e-01,-3.024936616420745850e-01,-3.153294324874877930e-01,-3.895287513732910156e-01,5.032561421394348145e-01,-2.285143584012985229e-01,1.167068034410476685e-01
-3.558482699314451936e-01,-2.605578617134479469e+00,5.363778033205355289e-01,9.967914223670959473e-01,-8.210828527808189392e-03,4.865266382694244385e-02,6.302657723426818848e-02,0.000000000000000000e+00,0.000000000000000000e+00,2.175617367029190063e-01,-1.237301246323857740e+00,-5.148714780807495117e-01,-2.136874049901962280e-01,-1.516516357660293579e-01,1.348426596322331861e+00,-3.481757938861846924e-01,3.376678228378295898e-01,-1.388286948204040527e-01,4.396477639675140381e-01,1.585245877504348755e-01,3.485178053379058838e-01,-8.364303410053253174e-02,-1.495529413223266602e-01,-2.969344854354858398e-01,-3.028784692287445068e-01,-4.481697082519531250e-01,5.117338299751281738e-01,-2.484244406223297119e-01,9.655676782131195068e-02
-3.560370997128763371e-01,-2.624463089972433494e+00,5.390188875832039317e-01,9.953640103340148926e-01,-3.496633144095540047e-03,5.112211778759956360e-02,8.139259368181228638e-02,0.000000000000000000e+00,0.000000000000000000e+00,1.715001910924911499e-01,-1.238803968825612500e+00,-4.562056958675384521e-01,-2.460420578718185425e-01,-1.223527342081069946e-01,1.346861393251691297e+00,-3.467396497726440430e-01,2.993890345096588135e-01,-1.263675540685653687e-01,4.472867250442504883e-01,3.043453395366668701e-01,3.709442317485809326e-01,-1.449434459209442139e-01,-1.141411364078521729e-01,-2.810751199722290039e-01,-2.855093181133270264e-01,-4.940762221813201904e-01,5.001077651977539062e-01,-2.642640471458435059e-01,6.710731238126754761e-02
-3.559256619087072249e-01,-2.640653790554615021e+00,5.413496981087055904e-01,9.943161010742187500e-01,-1.928749377839267254e-03,5.107571557164192200e-02,9.339735656976699829e-02,0.000000000000000000e+00,0.000000000000000000e+00,1.290557831525802612e-01,-1.240143523612294629e+00,-4.065105020999908447e-01,-2.803599238395690918e-01,-9.081186354160308838e-02,1.342698291936192945e+00,-3.500865697860717773e-01,2.732680439949035645e-01,-9.125500172376632690e-02,4.257072806358337402e-01,4.030293822288513184e-01,4.018671214580535889e-01,-2.076276987791061401e-01,-1.094708964228630066e-01,-2.606773376464843750e-01,-2.539502978324890137e-01,-5.304493308067321777e-01,4.694325029850006104e-01,-2.695327103137969971e-01,3.516063466668128967e-02
-3.557159479188196638e-01,-2.655753696058133606e+00,5.431861798352364268e-01,9.935626387596130371e-01,-1.546444371342658997e-03,4.967173933982849121e-02,1.018015369772911072e-01,0.000000000000000000e+00,0.000000000000000000e+00,9.151094406843185425e-02,-1.243155465522084668e+00,-3.722655773162841797e-01,-3.174003064632415771e-01,-5.831110849976539612e-02,1.335324407615933850e+00,-3.585276901721954346e-01,2.606405913829803467e-01,-5.647363886237144470e-02,3.906531333923339844e-01,4.692597091197967529e-01,4.556914269924163818e-01,-2.639387845993041992e-01,-9.471423923969268799e-02,-2.386725842952728271e-01,-2.155023813247680664e-01,-5.592333078384399414e-01,4.302719831466674805e-01,-2.678787410259246826e-01,5.124401301145553589e-03
-3.553648191893642450e-01,-2.670103929060878123e+00,5.442476622873183567e-01,9.931129217147827148e-01,-2.404176164418458939e-03,4.710448533296585083e-02,1.072482839226722717e-01,0.000000000000000000e+00,0.000000000000000000e+00,5.764154344797134399e-02,-1.250255213179860547e+00,-3.526810705661773682e-01,-3.562823235988616943e-01,-2.634219266474246979e-02,1.325892210998807386e+00,-3.690157830715179443e-01,2.578699290752410889e-01,-1.765803992748260498e-02,3.478786051273345947e-01,5.201570987701416016e-01,5.106232166290283203e-01,-3.132614493370056152e-01,-8.480992913246154785e-02,-2.183421999216079712e-01,-1.731358617544174194e-01,-5.817576646804809570e-01,3.926385045051574707e-01,-2.647300064563751221e-01,-2.367649599909782410e-02
-3.550234059763677230e-01,-2.683737538926528998e+00,5.446019880029588922e-01,9.929085373878479004e-01,-3.716622479259967804e-03,4.381846264004707336e-02,1.104478687047958374e-01,0.000000000000000000e+00,0.000000000000000000e+00,2.776701748371124268e-02,-1.260582343735967115e+00,-3.438932001590728760e-01,-3.953238427639007568e-01,6.044152192771434784e-03,1.316954688229833081e+00,-3.800162672996520996e-01,2.590630948543548584e-01,2.099586464464664459e-02,2.853745222091674805e-01,5.358646512031555176e-01,5.425056219100952148e-01,-3.435420989990234375e-01,-9.241316467523574829e-02,-2.027748525142669678e-01,-1.319839209318161011e-01,-5.983802676200866699e-01,3.640207052230834961e-01,-2.616151869297027588e-01,-5.158335343003273010e-02
-3.548734797800731089e-01,-2.696680931930590219e+00,5.442198028362760232e-01,9.928057789802551270e-01,-4.280700348317623138e-03,4.088001325726509094e-02,1.124598234891891479e-01,0.000000000000000000e+00,0.000000000000000000e+00,1.657431246712803841e-03,-1.272690669694219068e+00,-3.403055667877197266e-01,-4.322293102741241455e-01,3.819053247570991516e-02,1.310978964963231519e+00,-3.884342312812805176e-01,2.611690759658813477e-01,5.864183604717254639e-02,1.936113983392715454e-01,5.133137106895446777e-01,5.276363492012023926e-01,-3.497201800346374512e-01,-1.191287264227867126e-01,-1.955513507127761841e-01,-9.785881638526916504e-02,-6.096360087394714355e-01,3.511092960834503174e-01,-2.604588270187377930e-01,-7.834403216838836670e-02
-3.552718989934884886e-01,-2.709115630457497481e+00,5.431228213817482775e-01,9.928048253059387207e-01,-5.628655664622783661e-03,3.858398273587226868e-02,1.132174804806709290e-01,0.000000000000000000e+00,0.000000000000000000e+00,-2.117757126688957214e-02,-1.285306171574864820e+00,-3.373723626136779785e-01,-4.642817974090576172e-01,6.800257414579391479e-02,1.310195551314626172e+00,-3.942018449306488037e-01,2.628001272678375244e-01,9.819219261407852173e-02,7.208106666803359985e-02,4.393782615661621094e-01,4.434024393558502197e-01,-3.299692273139953613e-01,-1.765579879283905029e-01,-1.951521188020706177e-01,-6.707274913787841797e-02,-6.166571378707885742e-01,3.503130674362182617e-01,-2.586033046245574951e-01,-1.042110547423362732e-01
-3.564515453765187414e-01,-2.721869197216900904e+00,5.413823737986761531e-01,9.928940534591674805e-01,-1.010173186659812927e-02,3.800353780388832092e-02,1.123167499899864197e-01,0.000000000000000000e+00,0.000000000000000000e+00,-3.804955258965492249e-02,-1.296889559426579908e+00,-3.320065140724182129e-01,-4.901022017002105713e-01,9.224494546651840210e-02,1.314483628669057325e+00,-3.987466990947723389e-01,2.651846110820770264e-01,1.466300040483474731e-01,-6.138606742024421692e-02,3.180200159549713135e-01,2.944352328777313232e-01,-2.805196344852447510e-01,-2.324202507734298706e-01,-2.026217430830001831e-01,-2.988952957093715668e-02,-6.228731274604797363e-01,3.512241244316101074e-01,-2.493678331375122070e-01,-1.282583922147750854e-01
-3.583977626158733609e-01,-2.735917501862001000e+00,5.391295780399532056e-01,9.930168986320495605e-01,-2.173228748142719269e-02,3.889325261116027832e-02,1.092355400323867798e-01,0.000000000000000000e+00,0.000000000000000000e+00,-5.224540829658508301e-02,-1.302635834613118604e+00,-3.143446445465087891e-01,-5.127666592597961426e-01,1.059203892946243286e-01,1.323144511380467847e+00,-4.010952413082122803e-01,2.738729417324066162e-01,1.823208779096603394e-01,-1.668159067630767822e-01,1.596424728631973267e-01,1.438589692115783691e-01,-2.106091678142547607e-01,-2.547463178634643555e-01,-2.124063372611999512e-01,2.884623408317565918e-02,-6.327722072601318359e-01,3.327488303184509277e-01,-2.190593928098678589e-01,-1.541959196329116821e-01
-3.617321361684137093e-01,-2.750269893868403148e+00,5.371522213247689193e-01,9.931596517562866211e-01,-3.733295947313308716e-02,3.782461956143379211e-02,1.039685234427452087e-01,0.000000000000000000e+00,0.000000000000000000e+00,-6.554850935935974121e-02,-1.299073473611150220e+00,-2.889667451381683350e-01,-5.298703908920288086e-01,1.140665113925933838e-01,1.334774018326077893e+00,-4.062149524688720703e-01,2.921473085880279541e-01,1.673079729080200195e-01,-2.099043577909469604e-01,3.216073662042617798e-02,1.056702136993408203e-01,-1.841550469398498535e-01,-2.465423345565795898e-01,-2.138324379920959473e-01,1.056269407272338867e-01,-6.385340690612792969e-01,2.879372835159301758e-01,-1.694531142711639404e-01,-1.817053258419036865e-01
-3.664662499191483902e-01,-2.765718893655622956e+00,5.359582923021581902e-01,9.935517311096191406e-01,-4.668428748846054077e-02,3.292040899395942688e-02,9.793739020824432373e-02,0.000000000000000000e+00,0.000000000000000000e+00,-7.883633673191070557e-02,-1.283490703501973584e+00,-2.676267325878143311e-01,-5.421212315559387207e-01,1.170199289917945862e-01,1.350314811864171460e+00,-4.163124859333038330e-01,3.067632615566253662e-01,1.398102194070816040e-01,-2.218453735113143921e-01,-3.292558342218399048e-02,9.840259701013565063e-02,-1.544127762317657471e-01,-2.234371453523635864e-01,-2.185109257698059082e-01,1.644813567399978638e-01,-6.333376765251159668e-01,2.589201927185058594e-01,-1.160973757505416870e-01,-2.020928561687469482e-01
-3.721952076436895185e-01,-2.783204830355114456e+00,5.355802175462848203e-01,9.950618147850036621e-01,-3.741364181041717529e-02,2.443033643066883087e-02,8.863063156604766846e-02,0.000000000000000000e+00,0.000000000000000000e+00,-9.267687797546386719e-02,-1.257153616347585157e+00,-2.682926654815673828e-01,-5.508341789245605469e-01,1.114691942930221558e-01,1.370657743015561536e+00,-4.326207339763641357e-01,3.125748336315155029e-01,1.155463531613349915e-01,-2.329409718513488770e-01,-1.472613960504531860e-02,1.168320849537849426e-01,-1.275808811187744141e-01,-7.971639931201934814e-02,-2.552378475666046143e-01,1.569658815860748291e-01,-6.051164865493774414e-01,3.398593068122863770e-01,-8.707667142152786255e-02,-1.891438961029052734e-01
-3.785018649238227617e-01,-2.800892384780777622e+00,5.343727117122122339e-01,9.968014359474182129e-01,-1.845391094684600830e-02,1.341971661895513535e-02,7.659143954515457153e-02,0.000000000000000000e+00,0.000000000000000000e+00,-9.497783333063125610e-02,-1.227781132855687574e+00,-2.850840687751770020e-01,-5.542226433753967285e-01,1.050578579306602478e-01,1.387579874196324781e+00,-4.412679970264434814e-01,3.284650146961212158e-01,8.408287912607192993e-02,-2.494340986013412476e-01,5.677705258131027222e-02,2.002091109752655029e-01,-1.670648306608200073e-01,1.875170916318893433e-01,-3.350925445556640625e-01,1.118257641792297363e-01,-5.502734780311584473e-01,5.131685733795166016e-01,-4.992870613932609558e-02,-1.073281839489936829e-01
-3.853157219862697325e-01,-2.817033428278836293e+00,5.316327699936098661e-01,9.981628060340881348e-01,-9.695944376289844513e-03,1.137806917540729046e-03,5.979735404253005981e-02,0.000000000000000000e+00,0.000000000000000000e+00,-8.855261653661727905e-02,-1.200814441838536695e+00,-3.100680112838745117e-01,-5.475446581840515137e-01,9.784863144159317017e-02,1.399560988941464856e+00,-4.481720626354217529e-01,3.432788848876953125e-01,9.103172272443771362e-02,-2.440904229879379272e-01,9.251002222299575806e-02,2.193899154663085938e-01,-2.256786823272705078e-01,2.403787523508071899e-01,-4.038650393486022949e-01,1.183312237262725830e-01,-4.741062521934509277e-01,6.253597140312194824e-01,4.533227533102035522e-02,4.254298657178878784e-02
-3.917660775675316231e-01,-2.831362569476618685e+00,5.293549796156208354e-01,9.991793632507324219e-01,-6.122720427811145782e-03,-1.024297159165143967e-02,3.870622441172599792e-02,0.000000000000000000e+00,0.000000000000000000e+00,-7.203217595815658569e-02,-1.177843377986226514e+00,-3.392096757888793945e-01,-5.318098664283752441e-01,8.980096131563186646e-02,1.405508876838956311e+00,-4.553089737892150879e-01,3.614543974399566650e-01,9.593781083822250366e-02,-2.216131538152694702e-01,1.247828602790832520e-01,2.414725273847579956e-01,-2.854809761047363281e-01,2.406855225563049316e-01,-4.590544998645782471e-01,1.696656346321105957e-01,-3.825328350067138672e-01,6.805549263954162598e-01,1.773015856742858887e-01,2.334183454513549805e-01
-3.977238481604691844e-01,-2.845027734011110532e+00,5.279743798152365386e-01,9.995738863945007324e-01,-4.335665609687566757e-03,-2.238947898149490356e-02,1.822130754590034485e-02,0.000000000000000000e+00,0.000000000000000000e+00,-4.429430887103080750e-02,-1.161731348433766797e+00,-3.501113355159759521e-01,-5.185189843177795410e-01,9.384727478027343750e-02,1.410273776450429395e+00,-4.644435644149780273e-01,3.750050067901611328e-01,7.933712005615234375e-02,-1.903777122497558594e-01,1.568899452686309814e-01,2.945717871189117432e-01,-3.300651609897613525e-01,2.185545116662979126e-01,-4.602371454238891602e-01,1.542597562074661255e-01,-3.912996351718902588e-01,7.265685796737670898e-01,1.685527116060256958e-01,2.613946795463562012e-01
-4.026152370237943146e-01,-2.855846335261758906e+00,5.292987209626219824e-01,9.993374943733215332e-01,7.563501130789518356e-03,-3.449768945574760437e-02,8.782915771007537842e-03,0.000000000000000000e+00,0.000000000000000000e+00,-9.820823557674884796e-03,-1.162264422574315503e+00,-3.491948843002319336e-01,-5.095248818397521973e-01,1.092218831181526184e-01,1.409890876212392286e+00,-4.670881927013397217e-01,3.920626938343048096e-01,1.023774668574333191e-01,-1.885688602924346924e-01,1.824767440557479858e-01,2.765202820301055908e-01,-3.168264031410217285e-01,2.068068832159042358e-01,-4.473023414611816406e-01,2.821178175508975983e-02,-4.358521997928619385e-01,8.386573195457458496e-01,1.414159219712018967e-02,2.412547171115875244e-01
-4.062333534800945944e-01,-2.865415371626314656e+00,5.319207478660826771e-01,9.990166425704956055e-01,1.318896189332008362e-02,-4.231854155659675598e-02,-9.789461037144064903e-04,0.000000000000000000e+00,0.000000000000000000e+00,2.589093893766403198e-02,-1.179568872847829297e+00,-3.355639278888702393e-01,-5.017367601394653320e-01,1.240640506148338318e-01,1.404921771087918714e+00,-4.584667980670928955e-01,4.085551500320434570e-01,1.281510591506958008e-01,-1.761078536510467529e-01,2.006408721208572388e-01,2.451205551624298096e-01,-2.967059910297393799e-01,1.892354786396026611e-01,-4.201333820819854736e-01,-1.032570675015449524e-01,-4.920100569725036621e-01,9.146382212638854980e-01,-1.163451373577117920e-01,1.720940619707107544e-01
-4.087030875870976687e-01,-2.874295519746915328e+00,5.347839603896694660e-01,9.988283514976501465e-01,1.334723364561796188e-02,-4.510296136140823364e-02,-1.137821469455957413e-02,0.000000000000000000e+00,0.000000000000000000e+00,5.712070316076278687e-02,-1.204681799807820752e+00,-3.190981745719909668e-01,-4.948852956295013428e-01,1.299964785575866699e-01,1.398778379955563977e+00,-4.416804015636444092e-01,4.180439412593841553e-01,1.454342156648635864e-01,-1.524797677993774414e-01,2.138224542140960693e-01,2.136795669794082642e-01,-2.787293493747711182e-01,1.660324186086654663e-01,-3.958286643028259277e-01,-2.007238268852233887e-01,-5.264891982078552246e-01,9.466064572334289551e-01,-1.868820488452911377e-01,9.360743314027786255e-02
-4.104405042611890542e-01,-2.882879718289230730e+00,5.373755536454193349e-01,9.987185001373291016e-01,1.289109513163566589e-02,-4.494908452033996582e-02,-1.935825124382972717e-02,0.000000000000000000e+00,0.000000000000000000e+00,8.233150094747543335e-02,-1.229843572774205640e+00,-3.097648024559020996e-01,-4.885315895080566406e-01,1.280801296234130859e-01,1.393260614075932935e+00,-4.230705201625823975e-01,4.190425872802734375e-01,1.568358391523361206e-01,-1.270926147699356079e-01,2.206781655550003052e-01,1.847930997610092163e-01,-2.614670991897583008e-01,1.395691037178039551e-01,-3.792968690395355225e-01,-2.731511890888214111e-01,-5.283178091049194336e-01,9.422081708908081055e-01,-2.216192185878753662e-01,3.829149529337882996e-02
-4.118146685699019538e-01,-2.892207278398552184e+00,5.393985815918205251e-01,9.986628890037536621e-01,1.395048853009939194e-02,-4.313797131180763245e-02,-2.483915351331233978e-02,0.000000000000000000e+00,0.000000000000000000e+00,1.001455262303352356e-01,-1.249987022080693677e+00,-3.094497025012969971e-01,-4.821537137031555176e-01,1.217401847243309021e-01,1.389224574961934522e+00,-4.082426726818084717e-01,4.132567942142486572e-01,1.642154008150100708e-01,-1.042960360646247864e-01,2.226811498403549194e-01,1.598247140645980835e-01,-2.445233017206192017e-01,1.115742623805999756e-01,-3.645933866500854492e-01,-3.370997309684753418e-01,-5.159674882888793945e-01,9.088250398635864258e-01,-2.410324662923812866e-01,-1.394164399243891239e-03
-4.129217392145985155e-01,-2.903977502030555602e+00,5.406935685933238478e-01,9.986354112625122070e-01,1.631012372672557831e-02,-4.003981873393058777e-02,-2.929244376718997955e-02,0.000000000000000000e+00,0.000000000000000000e+00,1.106357797980308533e-01,-1.261839346089635328e+00,-3.173529803752899170e-01,-4.750473499298095703e-01,1.138001233339309692e-01,1.387596071758542493e+00,-4.010421633720397949e-01,4.034706950187683105e-01,1.668771207332611084e-01,-8.394811302423477173e-02,2.229502350091934204e-01,1.409870535135269165e-01,-2.299808710813522339e-01,8.347643911838531494e-02,-3.469868898391723633e-01,-4.014602899551391602e-01,-5.136364698410034180e-01,8.551632165908813477e-01,-2.499733120203018188e-01,-4.450085759162902832e-02
-4.140910888109544108e-01,-2.918691278033786141e+00,5.412392982870641855e-01,9.985440969467163086e-01,2.030046842992305756e-02,-3.641641885042190552e-02,-3.422775119543075562e-02,0.000000000000000000e+00,0.000000000000000000e+00,1.164540797472000122e-01,-1.266073242821965650e+00,-3.299097120761871338e-01,-4.665679037570953369e-01,1.053775921463966370e-01,1.387438521781239942e+00,-3.983837366104125977e-01,3.918050229549407959e-01,1.666664928197860718e-01,-6.633421033620834351e-02,2.255906611680984497e-01,1.271964162588119507e-01,-2.179026454687118530e-01,5.594266206026077271e-02,-3.336877822875976562e-01,-4.592149257659912109e-01,-5.045468211174011230e-01,7.875929474830627441e-01,-2.442542761564254761e-01,-7.743212580680847168e-02
-4.152823605982944311e-01,-2.933777399129337660e+00,5.413340868514896487e-01,9.983234405517578125e-01,2.457772381603717804e-02,-3.244775533676147461e-02,-4.115154594182968140e-02,0.000000000000000000e+00,0.000000000000000000e+00,1.210890933871269226e-01,-1.265303031602178052e+00,-3.445630073547363281e-01,-4.539815783500671387e-01,9.386521577835083008e-02,1.387378604212079480e+00,-3.945054113864898682e-01,3.810814619064331055e-01,1.650747060775756836e-01,-4.848052933812141418e-02,2.319965511560440063e-01,1.186503916978836060e-01,-2.081935256719589233e-01,3.049926646053791046e-02,-3.276624977588653564e-01,-4.995015561580657959e-01,-4.814409315586090088e-01,7.092005610466003418e-01,-2.194886356592178345e-01,-8.452137559652328491e-02
-4.163602016550121965e-01,-2.947296083569526548e+00,5.411459628981772907e-01,9.979618191719055176e-01,2.725000679492950439e-02,-2.802368439733982086e-02,-5.044189095497131348e-02,0.000000000000000000e+00,0.000000000000000000e+00,1.283620446920394897e-01,-1.263011978068623975e+00,-3.612475097179412842e-01,-4.344383180141448975e-01,7.810519635677337646e-02,1.385948971905980542e+00,-3.857587873935699463e-01,3.738755583763122559e-01,1.628985404968261719e-01,-2.684866078197956085e-02,2.389815598726272583e-01,1.147064045071601868e-01,-2.019773274660110474e-01,6.521958392113447189e-03,-3.292477130889892578e-01,-5.156291127204895020e-01,-4.479575753211975098e-01,6.274384260177612305e-01,-1.845856457948684692e-01,-7.631511241197586060e-02
